0.182321
0.082030
0.093921
0.090738
0.071051
0.087999
0.225906
0.027886
0.100486
0.085265
0.129190
0.097987
0.064682
0.219234
0.322546
0.108823
0.086244
0.009575
0.146201
0.039953
0.087451
0.083492
0.078333
0.088233
0.014901
0.093942
0.065934
0.122445
0.204555
0.092438
0.069259
0.145585
0.049825
0.103736
0.117804
0.037822
0.084479
0.046158
0.096415
0.075431
0.152075
0.019051
0.219513
0.010802
0.327567
0.257435
0.257896
0.059302
0.040540
0.198506
0.029115
0.092175
0.010264
0.146771
0.132480
0.051347
0.094312
0.279352
0.120378
0.189052
0.050424
0.035808
0.095899
0.103870
0.061457
0.229216
0.097056
0.057851
0.057764
0.068858
0.022427
0.132321
0.164901
0.176872
0.081547
0.123428
0.105353
0.156715
0.034267
0.240268
0.045313
0.457537
0.019189
0.258914
0.150145
0.142107
0.167152
0.010907
0.143939
0.084337
0.129069
0.168514
0.145108
0.018615
0.128915
0.265682
0.163193
0.020602
0.020138
0.013637
0.022989
0.208137
0.148763
0.167900
0.207335
0.096733
0.106521
0.046180
0.045151
0.065951
0.118181
0.095238
0.112617
0.211089
0.101892
0.106231
0.046624
0.133032
0.226097
0.049513
0.080454
0.169468
0.068574
0.080932
0.322815
0.341265
0.107831
0.093642
0.108774
0.032402
0.148179
0.184339
0.083925
0.132244
0.105821
0.042332
0.038483
0.132299
0.184467
0.232674
0.121593
0.130773
0.039301
0.062652
0.034006
0.095787
0.079097
0.125261
0.073548
0.006030
0.048862
0.058615
0.086163
0.095824
0.068735
0.188524
0.076998
0.063245
0.093439
0.100079
0.220135
0.050469
0.157232
0.114116
0.032891
0.023248
0.084888
0.122865
0.170565
0.133674
0.012640
0.168908
0.038317
0.139354
0.241221
0.108385
0.180697
0.117197
0.056289
0.125591
0.075086
0.146505
0.209178
0.113347
0.045954
0.181908
0.022244
0.147488
0.111051
0.229884
0.089901
0.165944
0.224437
0.017700
0.069727
0.100687
0.094625
0.054899
0.083260
0.083760
0.113831
0.064341
0.046101
0.066862
0.093815
0.113149
0.119814
0.131627
0.344845
0.119068
0.185583
0.064363
0.123693
0.053063
0.143461
0.070934
0.147751
0.211114
0.030950
0.090539
0.092558
0.193361
0.205417
0.161112
0.024648
0.067864
0.047081
0.197803
0.061805
0.122878
0.025469
0.243150
0.083798
0.097007
0.136345
0.055769
0.063932
0.045038
0.098318
0.100888
0.042408
0.089066
0.163667
0.011173
0.060966
0.217753
0.050418
0.220401
0.065183
0.055407
0.053863
0.055434
0.070134
0.080316
0.030347
0.263873
0.047172
0.035441
0.114779
0.030500
0.047061
0.217867
0.188457
0.084347
0.106819
0.070230
0.117561
0.351933
0.224067
0.086905
0.139844
0.081313
0.050032
0.090318
0.180879
0.123799
0.181156
0.066722
0.261043
0.040587
0.087659
0.093082
0.036776
0.054778
0.159735
0.080850
0.090916
0.065018
0.031845
0.117718
0.012053
0.155346
0.074551
0.115753
0.037214
0.089272
0.080933
0.010748
0.040531
0.105253
0.137870
0.147395
0.037569
0.041429
0.139628
0.369433
0.020101
0.046431
0.072611
0.061798
0.057931
0.045117
0.165326
0.035388
0.129250
0.137753
0.162861
0.030371
0.020923
0.026893
0.103087
0.140569
0.095566
0.148341
0.225910
0.030891
0.106947
0.094203
0.083755
0.251917
0.192802
0.061150
0.035691
0.231800
0.011133
0.042685
0.023036
0.104115
0.076900
0.201772
0.058536
0.016932
0.163524
0.141299
0.159524
0.158769
0.014614
0.084491
0.143426
0.079240
0.141145
0.038118
0.135278
0.067239
0.071331
0.061558
0.197734
0.119553
0.147211
0.079318
0.127793
0.122582
0.205315
0.198362
0.159969
0.094809
0.042583
0.069299
0.043022
0.153987
0.108600
0.057606
0.123458
0.067857
0.115491
0.079684
0.202313
0.186090
0.352986
0.078835
0.027066
0.070235
0.032974
0.179671
0.129731
0.062372
0.087627
0.095514
0.075319
0.190451
0.131443
0.292895
0.017612
0.115559
0.028478
0.075361
0.057869
0.322385
0.210522
0.100769
0.125260
0.053292
0.046936
0.035205
0.069597
0.030838
0.034248
0.067675
0.061853
0.163173
0.039349
0.161671
0.108628
0.096576
0.020133
0.011302
0.264271
0.097534
0.220867
0.028393
0.088627
0.051199
0.041282
0.051543
0.179167
0.068472
0.038669
0.243306
0.103842
0.101805
0.057950
0.170071
0.112172
0.041051
0.026805
0.073863
0.406999
0.131529
0.126214
0.075021
0.350210
0.066507
0.078794
0.170181
0.141997
0.097838
0.058722
0.069389
0.127824
0.086892
0.033781
0.114601
0.087410
0.067739
0.101547
0.201412
0.071917
0.072021
0.054364
0.067905
0.073725
0.046116
0.205677
0.111607
0.099878
0.084748
0.072538
0.118452
0.192632
0.117505
0.045419
0.124001
0.081423
0.169508
0.131311
0.031794
0.188361
0.180606
0.024715
0.065229
0.063354
0.028050
0.136781
0.139900
0.066273
0.043154
0.133520
0.061010
0.076969
0.060788
0.049833
0.042537
0.090745
0.138732
0.151137
0.029781
0.093991
0.036272
0.346241
0.424701
0.045899
0.146431
0.048676
0.066742
0.092326
0.141421
0.173332
0.119254
0.073990
0.167278
0.118650
0.039805
0.086094
0.148398
0.013354
0.290424
0.309477
0.089976
0.179493
0.041422
0.173424
0.007380
0.109757
0.093645
0.127725
0.009520
0.120585
0.113724
0.037284
0.091545
0.230327
0.099483
0.164121
0.225129
0.048491
0.365104
0.079722
0.227871
0.191577
0.069782
0.067857
0.094212
0.176530
0.067437
0.121748
0.072423
0.295613
0.067879
0.016477
0.036244
0.129806
0.049223
0.363555
0.082417
0.033942
0.159074
0.109510
0.011504
0.170488
0.070052
0.041594
0.153201
0.112973
0.088038
0.262955
0.153984
0.197579
0.028386
0.051992
0.241644
0.057493
0.115884
0.053507
0.091077
0.356700
0.065231
0.159286
0.106926
0.075684
0.052479
0.192619
0.103661
0.250943
0.109723
0.151472
0.234032
0.077765
0.028678
0.109622
0.061813
0.128653
0.111946
0.080065
0.060775
0.044470
0.074247
0.217405
0.062075
0.209710
0.032266
0.081054
0.105455
0.161979
0.052930
0.192953
0.206944
0.160029
0.105451
0.113304
0.056212
0.048097
0.090917
0.042668
0.087039
0.109281
0.175655
0.059240
0.045413
0.116317
0.082592
0.046497
0.270225
0.112703
0.131547
0.073597
0.234740
0.137782
0.045324
0.069527
0.124243
0.055955
0.099660
0.177695
0.150004
0.127272
0.075923
0.084319
0.022985
0.089674
0.112083
0.148882
0.032755
0.453246
0.203497
0.082908
0.093752
0.040979
0.063798
0.045937
0.025839
0.128636
0.310396
0.076163
0.152184
0.094375
0.023325
0.246869
0.074081
0.103948
0.066398
0.160599
0.058693
0.138824
0.058999
0.023350
0.168619
0.190683
0.082121
0.254881
0.090946
0.093032
0.103265
0.166701
0.068090
0.019973
0.040375
0.062376
0.219925
0.214274
0.062849
0.040634
0.160364
0.103926
0.070802
0.128163
0.107386
0.022974
0.098328
0.107383
0.187385
0.327057
0.124905
0.179318
0.204929
0.043461
0.047024
0.091481
0.099953
0.118411
0.236077
0.229335
0.072933
0.213662
0.121232
0.059648
0.162793
0.093456
0.086458
0.097198
0.070002
0.126325
0.070006
0.174820
0.071272
0.068782
0.065929
0.103355
0.172685
0.033275
0.072563
0.026979
0.101397
0.044392
0.031671
0.023145
0.168821
0.083533
0.175699
0.240064
0.152949
0.016089
0.052897
0.217575
0.168021
0.045509
0.224552
0.092239
0.039394
0.527300
0.087142
0.012984
0.117493
0.141106
0.179698
0.023657
0.088989
0.044033
0.100132
0.216943
0.073696
0.124280
0.082658
0.181609
0.027843
0.022347
0.193673
0.137883
0.138313
0.147029
0.294731
0.097713
0.071390
0.024756
0.018673
0.085423
0.050986
0.071320
0.107878
0.060061
0.176827
0.127457
0.056860
0.084798
0.062089
0.069347
0.043185
0.222381
0.268130
0.116667
0.088860
0.178915
0.081534
0.211174
0.108060
0.090552
0.042754
0.122440
0.181375
0.153952
0.026706
0.084022
0.095772
0.022012
0.035122
0.153863
0.043078
0.019408
0.046960
0.050240
0.046777
0.045378
0.021234
0.053024
0.120021
0.149413
0.076340
0.166780
0.079552
0.048085
0.171895
0.124805
0.034858
0.104109
0.178086
0.076476
0.095576
0.135741
0.095227
0.107150
0.114565
0.136627
0.015721
0.143358
0.039820
0.025548
0.106938
0.114693
0.130564
0.019122
0.169938
0.240967
0.033731
0.105271
0.153939
0.153491
0.210790
0.058351
0.062037
0.063768
0.116424
0.086188
0.039193
0.162891
0.105136
0.016894
0.083201
0.121859
0.033847
0.138882
0.142244
0.026745
0.044502
0.399413
0.027412
0.117470
0.094576
0.108441
0.166998
0.066443
0.229886
0.126932
0.033421
0.095605
0.079560
0.027978
0.048925
0.170443
0.021151
0.043945
0.067322
0.077360
0.371291
0.147928
0.017549
0.120452
0.146292
0.447444
0.165668
0.110127
0.195893
0.038007
0.124173
0.117869
0.073783
0.067389
0.043998
0.031028
0.075826
0.084235
0.062612
0.131841
0.069791
0.116347
0.088581
0.204370
0.037721
0.051187
0.047959
0.044795
0.208804
0.083810
0.008028
0.031549
0.021973
0.072742
0.067771
0.073391
0.161861
0.040787
0.018728
0.283436
0.202048
0.021125
0.067441
0.089402
0.044225
0.137350
0.103145
0.083433
0.141062
0.127536
0.055764
0.050466
0.142221
0.055825
0.193460
0.052525
0.109550
0.112374
0.211564
0.084505
0.126290
0.148648
0.005519
0.083743
0.201127
0.051643
0.045556
0.107545
0.122672
0.051375
0.207340
0.141686
0.163536
0.110411
0.049019
0.037377
0.078351
0.009833
0.062675
0.088619
0.106484
0.166453
0.032596
0.095593
0.112665
0.166168
0.153802
0.306264
0.228404
0.064744
0.202553
0.178113
0.251583
0.169439
0.108765
0.127583
0.214805
0.061013
0.080905
0.107407
0.168940
0.121962
0.204482
0.009447
0.039435
0.160590
0.043191
0.204013
0.276193
0.088140
0.146382
0.133212
0.254685
0.201294
0.222716
0.121163
0.057213
0.174542
0.180862
0.028922
0.088119
0.218096
0.096098
0.225104
0.064864
0.166195
0.219405
0.161799
0.022553
0.132264
0.083410
0.103265
0.038317
0.202730
0.270733
0.111894
0.092789
0.128823
0.058662
0.111600
0.064058
0.184540
0.025485
0.087310
0.214394
0.158507
0.050029
0.125583
0.205219
0.052560
0.182103
0.113690
0.061727
0.039389
0.138091
0.217493
0.035933
0.117325
0.072603
0.045293
0.155863
0.197351
0.158797
0.098622
0.223405
0.106082
0.128612
0.016710
0.131747
0.157866
0.018556
0.099948
0.097852
0.311763
0.148803
0.111467
0.135341
0.152282
0.148794
0.082382
0.202172
0.086569
0.345673
0.016320
0.051449
0.160049
0.056105
0.063739
0.159298
0.032974
0.067592
0.142524
0.114950
0.158709
0.106248
0.063319
0.220846
0.092867
0.502054
0.075546
0.086663
0.057606
0.064816
0.092388
0.127800
0.087810
0.061269
0.180470
0.261259
0.051083
0.089544
0.182171
0.065931
0.107217
0.035596
0.118089
0.038751
0.015838
0.326030
0.126160
0.334291
0.030619
0.034618
0.197443
0.117492
0.128830
0.081455
0.096004
0.041510
0.145133
0.179763
0.015116
0.063377
0.053218
0.244012
0.042247
0.054784
0.043588
0.034788
0.163343
0.089601
0.161754
0.120295
0.130216
0.034137
0.120878
0.143423
0.174395
0.231409
0.204296
0.163563
0.041975
0.144345
0.207507
0.024300
0.244923
0.147311
0.045552
0.091027
0.044914
0.239082
0.094716
0.036076
0.479621
0.093432
0.167974
0.176345
0.059935
0.016898
0.094000
0.080215
0.027491
0.151052
0.449180
0.117425
0.097780
0.048774
0.132378
0.218039
0.113841
0.085257
0.156837
0.012210
0.120938
0.070272
0.116453
0.014580
0.054195
0.015951
0.208482
0.087454
0.046908
0.047993
0.145630
0.060811
0.078874
0.049034
0.009734
0.051161
0.173472
0.111475
0.136134
0.187504
0.195639
0.032097
0.216170
0.064878
0.082607
0.042635
0.050431
0.099508
0.168727
0.141357
0.067887
0.046625
0.173316
0.048649
0.036411
0.113493
0.066327
0.167943
0.014917
0.100181
0.138380
0.116238
0.212727
0.180643
0.135268
0.186442
0.006690
0.097628
0.067873
0.111875
0.088149
0.150568
0.076634
0.014584
0.059062
0.253188
0.103781
0.031162
0.077203
0.072641
0.071998
0.214371
0.103351
0.019963
0.232372
0.181231
0.086514
0.382087
0.167290
0.114667
0.078472
0.057317
0.051521
0.072549
0.175202
0.491767
0.029628
0.079258
0.131798
0.123986
0.024140
0.123202
0.221466
0.033143
0.088822
0.070632
0.015453
0.186611
0.089707
0.119674
0.043917
0.104254
0.103657
0.040458
0.244950
0.045740
0.075505
0.222161
0.040211
0.110096
0.076501
0.046991
0.145239
0.065933
0.092301
0.108650
0.201443
0.042654
0.173635
0.281211
0.432928
0.045202
0.406215
0.103146
0.123052
0.115135
0.028343
0.087710
0.046862
0.099923
0.059908
0.113231
0.095284
0.108783
0.221297
0.115947
0.079266
0.021063
0.029775
0.063040
0.039129
0.117851
0.048258
0.133866
0.110399
0.078991
0.069060
0.114135
0.017229
0.182414
0.047408
0.043212
0.037153
0.099356
0.195750
0.100588
0.094455
0.053448
0.090033
0.035180
0.081946
0.052535
0.143716
0.118862
0.084060
0.063913
0.092120
0.124118
0.044651
0.168790
0.199162
0.105376
0.136268
0.064909
0.068928
0.120967
0.064219
0.102469
0.047790
0.110522
0.088365
0.154215
0.083635
0.147927
0.170014
0.132566
0.134848
0.108749
0.020714
0.048075
0.178642
0.026686
0.052889
0.073457
0.061944
0.106273
0.081287
0.025871
0.105015
0.103610
0.084292
0.085397
0.082273
0.129793
0.166891
0.131737
0.079819
0.245731
0.167690
0.120337
0.096938
0.057503
0.242647
0.137123
0.217882
0.070566
0.110459
0.129607
0.100511
0.084040
0.187874
0.054184
0.089075
0.213802
0.027673
0.082700
0.170168
0.344740
0.049273
0.034930
0.212900
0.088610
0.110161
0.187566
0.127216
0.319736
0.063384
0.178083
0.068708
0.124860
0.179903
0.051245
0.036457
0.187399
0.077331
0.163670
0.090879
0.060788
0.089668
0.020455
0.120432
0.034270
0.047080
0.108653
0.070859
0.202484
0.050959
0.110890
0.415341
0.058958
0.067431
0.023739
0.180785
0.124248
0.068787
0.225654
0.060809
0.158517
0.046947
0.154856
0.206414
0.181609
0.059301
0.119715
0.031337
0.102698
0.170775
0.046931
0.083882
0.082457
0.116730
0.051449
0.204011
0.184701
0.079862
0.124886
0.078342
0.074013
0.137093
0.328909
0.237726
0.054224
0.069864
0.101242
0.057210
0.059819
0.016940
0.149038
0.066864
0.033714
0.237886
0.178958
0.221170
0.150940
0.029491
0.046560
0.112326
0.026339
0.092547
0.077705
0.017894
0.076754
0.094165
0.118562
0.019787
0.174197
0.108924
0.122368
0.164547
0.024353
0.204186
0.219207
0.016006
0.137959
0.079391
0.130454
0.226787
0.209890
0.228831
0.126078
0.087099
0.104549
0.098772
0.068881
0.119693
0.098187
0.087979
0.064274
0.068122
0.170232
0.115081
0.011076
0.181734
0.091774
0.066762
0.031065
0.052149
0.121093
0.107452
0.076758
0.016630
0.126010
0.168632
0.335060
0.153208
0.092954
0.230866
0.159332
0.098187
0.027838
0.107777
0.109903
0.046336
0.104861
0.068791
0.202131
0.068042
0.227384
0.038372
0.032414
0.096786
0.052709
0.145043
0.151110
0.174542
0.096969
0.098756
0.226045
0.234318
0.273429
0.342230
0.068237
0.055956
0.174919
0.088538
0.014002
0.153404
0.013818
0.087355
0.119835
0.041960
0.089234
0.026663
0.116611
0.126828
0.110098
0.095793
0.175971
0.090890
0.062656
0.075985
0.124093
0.049217
0.241623
0.137178
0.184766
0.066419
0.124030
0.113150
0.063353
0.160122
0.410663
0.065053
0.062184
0.108549
0.123460
0.062987
0.088051
0.244285
0.181864
0.015485
0.057346
0.032371
0.048675
0.013098
0.179475
0.094157
0.072049
0.080802
0.038471
0.085766
0.087959
0.139670
0.083264
0.254668
0.036838
0.068031
0.115858
0.089785
0.310564
0.059424
0.050525
0.206223
0.120121
0.017391
0.098455
0.049483
0.237320
0.040988
0.147823
0.073148
0.101557
0.295488
0.043502
0.228071
0.089090
0.186930
0.096222
0.053650
0.044778
0.090952
0.201698
0.135309
0.040217
0.046485
0.165326
0.121946
0.052910
0.063145
0.107711
0.118861
0.192353
0.098538
0.137949
0.040318
0.058036
0.051686
0.065955
0.058595
0.054086
0.104914
0.084382
0.179360
0.099755
0.105866
0.042255
0.223836
0.026817
0.048170
0.089899
0.126168
0.164376
0.084927
0.222787
0.155919
0.050834
0.147647
0.013374
0.186490
0.035662
0.013787
0.067546
0.072096
0.208061
0.091113
0.084657
0.155177
0.013282
0.020797
0.152130
0.034143
0.051467
0.049578
0.021010
0.228679
0.065704
0.158918
0.047022
0.063192
0.020737
0.022042
0.045618
0.116849
0.066605
0.114977
0.133193
0.105117
0.138339
0.120895
0.064092
0.300723
0.112801
0.117428
0.108374
0.173368
0.090833
0.160216
0.264250
0.134175
0.138641
0.082295
0.065489
0.077864
0.049945
0.120047
0.130478
0.103998
0.059525
0.099929
0.068126
0.083270
0.162668
0.233688
0.150753
0.137100
0.089867
0.101681
0.017532
0.197826
0.027364
0.048348
0.066542
0.219897
0.137482
0.085445
0.256482
0.130367
0.190094
0.284515
0.107435
0.129159
0.203911
0.386902
0.067468
0.197567
0.087278
0.115690
0.118670
0.087030
0.098584
0.185991
0.068666
0.028948
0.267885
0.070899
0.056180
0.134447
0.029769
0.142644
0.036322
0.050832
0.038602
0.049660
0.064546
0.059867
0.055874
0.113930
0.117849
0.042416
0.053038
0.141429
0.126225
0.080236
0.068877
0.024171
0.097083
0.028902
0.035790
0.039046
0.135203
0.077614
0.025761
0.036397
0.139940
0.082495
0.070517
0.113442
0.231037
0.060660
0.106639
0.051254
0.327776
0.068250
0.029980
0.135996
0.046290
0.176153
0.062334
0.064743
0.106426
0.061030
0.063695
0.053027
0.111660
0.065996
0.239324
0.107128
0.153964
0.165061
0.187695
0.119971
0.001481
0.098394
0.084352
0.049384
0.087681
0.024913
0.067512
0.067861
0.083389
0.024075
0.224422
0.089214
0.111095
0.037790
0.135344
0.086247
0.029251
0.069125
0.151312
0.217117
0.150511
0.043618
0.029062
0.107580
0.052546
0.113482
0.218755
0.019261
0.055922
0.086658
0.022915
0.011467
0.069198
0.035545
0.226212
0.076114
0.048187
0.102219
0.025846
0.085808
0.094649
0.011516
0.144780
0.095574
0.175619
0.175990
0.023882
0.073751
0.091871
0.022015
0.195714
0.136847
0.024759
0.123367
0.132318
0.056753
0.005099
0.079144
0.011470
0.099702
0.195163
0.079801
0.200025
0.071660
0.087322
0.113680
0.061784
0.052445
0.063182
0.084350
0.099087
0.159087
0.068813
0.081721
0.126580
0.052768
0.205734
0.101136
0.090974
0.197906
0.037290
0.093652
0.129484
0.074550
0.072452
0.074781
0.069668
0.049216
0.142447
0.117161
0.140330
0.022251
0.118534
0.084742
0.113548
0.062847
0.131429
0.078867
0.172043
0.200823
0.077258
0.033728
0.163371
0.069066
0.178168
0.107438
0.052067
0.020970
0.175682
0.039798
0.024121
0.178177
0.169168
0.038520
0.058426
0.036142
0.135612
0.187605
0.137288
0.223416
0.031527
0.056870
0.052622
0.045771
0.066182
0.131858
0.414045
0.056351
0.111099
0.034382
0.080341
0.076774
0.147738
0.033324
0.068151
0.037637
0.053309
0.109677
0.130788
0.200897
0.104033
0.029888
0.136736
0.204681
0.042131
0.100556
0.047536
0.088539
0.118860
0.063988
0.232551
0.106236
0.144785
0.113864
0.152653
0.178414
0.256184
0.193570
0.111680
0.112178
0.090727
0.050901
0.375413
0.114530
0.053221
0.164481
0.210570
0.205575
0.028533
0.331151
0.063389
0.079576
0.082839
0.070942
0.191497
0.094272
0.057985
0.045941
0.032388
0.068257
0.133722
0.060261
0.130752
0.210956
0.167781
0.069591
0.094641
0.133018
0.083120
0.184588
0.129733
0.043164
0.028866
0.128743
0.114256
0.038816
0.037385
0.082307
0.112224
0.241023
0.061675
0.057156
0.084159
0.037374
0.102860
0.062385
0.234028
0.038735
0.038374
0.192060
0.082483
0.140459
0.014368
0.114088
0.101452
0.145472
0.129864
0.152450
0.051040
0.142955
0.153269
0.103678
0.019924
0.067573
0.017844
0.213348
0.049205
0.058077
0.042257
0.024605
0.036489
0.196334
0.091057
0.019993
0.045834
0.310010
0.037176
0.074369
0.140881
0.148604
0.285856
0.069474
0.086874
0.082934
0.089361
0.148784
0.445665
0.020742
0.035332
0.103052
0.131759
0.125214
0.066681
0.034756
0.142639
0.090357
0.099855
0.098074
0.353448
0.068989
0.073370
0.149714
0.084718
0.065828
0.031252
0.201199
0.047904
0.111883
0.123194
0.140964
0.116312
0.084371
0.048978
0.025290
0.064080
0.222942
0.082144
0.012868
0.042556
0.146038
0.165114
0.043551
0.037308
0.139520
0.025608
0.058190
0.109736
0.350447
0.143758
0.131575
0.061320
0.177135
0.097930
0.093547
0.059176
0.087435
0.075059
0.041436
0.090096
0.054813
0.015559
0.121597
0.041424
0.104138
0.210402
0.115051
0.060837
0.068350
0.019721
0.193591
0.040399
0.109294
0.100461
0.093693
0.047467
0.052215
0.098146
0.127062
0.033037
0.173240
0.022684
0.071178
0.398750
0.120244
0.043817
0.321052
0.112969
0.117591
0.092089
0.046874
0.076308
0.084056
0.127043
0.231831
0.088458
0.057365
0.135228
0.361732
0.089214
0.109235
0.111413
0.035693
0.078135
0.120156
0.021180
0.108077
0.043676
0.061824
0.073101
0.092996
0.060302
0.114807
0.088744
0.061415
0.058742
0.052442
0.158540
0.080535
0.082774
0.162180
0.121023
0.040827
0.025306
0.143428
0.173955
0.202730
0.040157
0.441333
0.050776
0.048974
0.169733
0.073079
0.074983
0.198950
0.177304
0.043988
0.126632
0.177603
0.021330
0.035490
0.029143
0.121038
0.122180
0.048661
0.259234
0.398552
0.201391
0.115429
0.152184
0.015693
0.015517
0.216870
0.131655
0.058505
0.099150
0.024004
0.085148
0.164860
0.294537
0.081761
0.054370
0.112704
0.240929
0.015438
0.192788
0.155244
0.168139
0.084485
0.057791
0.059107
0.047678
0.047829
0.110112
0.102989
0.019621
0.086828
0.011439
0.034899
0.113228
0.050028
0.094353
0.077103
0.042837
0.148637
0.173059
0.065193
0.097802
0.078745
0.033161
0.126389
0.172808
0.137377
0.111701
0.199682
0.255161
0.184224
0.090464
0.215290
0.196489
0.027297
0.177822
0.046980
0.118200
0.123073
0.016746
0.081062
0.140919
0.063795
0.074749
0.235997
0.234057
0.070094
0.264640
0.121830
0.123689
0.064005
0.060916
0.113000
0.108030
0.133827
0.218708
0.171651
0.066804
0.041544
0.032872
0.081947
0.061556
0.084762
0.102851
0.133319
0.144328
0.491770
0.046249
0.113558
0.037069
0.090344
0.099832
0.159032
0.080219
0.095493
0.059980
0.193622
0.057217
0.065340
0.058203
0.197184
0.150610
0.045511
0.085418
0.203439
0.188380
0.118675
0.090006
0.037218
0.254494
0.063304
0.143845
0.418282
0.074589
0.149265
0.150730
0.151782
0.158173
0.160139
0.236863
0.177548
0.048171
0.103068
0.052566
0.098376
0.016626
0.052495
0.040474
0.185176
0.039485
0.117723
0.041369
0.076621
0.102193
0.125113
0.092777
0.163857
0.027385
0.069224
0.084660
0.068301
0.179349
0.382865
0.054816
0.155962
0.034556
0.193589
0.044866
0.041879
0.355882
0.208040
0.093915
0.212423
0.159318
0.058331
0.100043
0.053519
0.143581
0.160399
0.126802
0.077351
0.057797
0.137474
0.132604
0.065648
0.239901
0.076288
0.047789
0.205992
0.055835
0.077637
0.135763
0.058149
0.038516
0.162412
0.069498
0.453208
0.110670
0.092234
0.079047
0.513182
0.034538
0.213727
0.091424
0.120617
0.334003
0.045640
0.055926
0.271955
0.049291
0.094200
0.034594
0.186344
0.218829
0.192655
0.099228
0.079385
0.066651
0.027890
0.139751
0.077054
0.128028
0.231307
0.082143
0.191456
0.066230
0.090479
0.115389
0.069529
0.030148
0.130404
0.286540
0.079411
0.024426
0.093683
0.084685
0.105965
0.082667
0.106926
0.059340
0.056967
0.034666
0.107984
0.106639
0.117441
0.046706
0.091079
0.041795
0.056481
0.109952
0.092864
0.068152
0.041236
0.058765
0.138934
0.054639
0.050431
0.069087
0.088899
0.158636
0.145940
0.091759
0.047737
0.036100
0.046673
0.087587
0.095696
0.247321
0.056901
0.138597
0.099825
0.031219
0.031348
0.183174
0.023590
0.190292
0.090513
0.117075
0.053697
0.139995
0.102176
0.070734
0.047618
0.020817
0.132763
0.239300
0.043054
0.139700
0.074354
0.162516
0.155345
0.068013
0.034060
0.087861
0.194412
0.124076
0.011396
0.015401
0.010161
0.072335
0.032290
0.079281
0.039397
0.156534
0.042375
0.118884
0.226760
0.099542
0.220589
0.105017
0.076180
0.165493
0.097912
0.118778
0.048994
0.043214
0.180375
0.053930
0.103258
0.164220
0.174163
0.184406
0.181130
0.034055
0.089892
0.089913
0.112181
0.130399
0.076973
0.079333
0.089484
0.152095
0.185626
0.047841
0.035210
0.048677
0.035002
0.130625
0.162443
0.142789
0.298815
0.048299
0.059624
0.137102
0.067995
0.158955
0.033988
0.126775
0.089142
0.111853
0.036533
0.127237
0.014490
0.145348
0.049045
0.080594
0.148306
0.128139
0.074573
0.093648
0.087597
0.221949
0.025367
0.166545
0.030849
0.085632
0.192424
0.194496
0.074194
0.082202
0.062449
0.077571
0.231395
0.116253
0.060202
0.022770
0.132744
0.024362
0.056788
0.031528
0.122191
0.066343
0.088971
0.168617
0.036251
0.109725
0.063316
0.488866
0.048054
0.037872
0.087074
0.054414
0.188236
0.175197
0.137737
0.050738
0.090349
0.058097
0.115857
0.248583
0.060736
0.100999
0.281891
0.080930
0.161386
0.104810
0.189144
0.113423
0.079883
0.170400
0.161528
0.054748
0.201044
0.093515
0.236770
0.110924
0.026599
0.017607
0.213794
0.019396
0.118701
0.066174
0.104903
0.110291
0.081392
0.052276
0.119174
0.080450
0.051816
0.128208
0.201188
0.183044
0.099422
0.087824
0.084966
0.066834
0.100241
0.058192
0.028137
0.037283
0.132295
0.163989
0.036413
0.165563
0.058068
0.090865
0.197127
0.174615
0.082124
0.065645
0.065311
0.169668
0.027331
0.109693
0.079548
0.170266
0.104545
0.274909
0.066762
0.074288
0.167515
0.075238
0.078864
0.012921
0.137921
0.099959
0.149765
0.083985
0.238613
0.224802
0.094879
0.161502
0.032195
0.058896
0.227132
0.102648
0.081607
0.079460
0.177361
0.134986
0.086510
0.080183
0.180175
0.145945
0.025263
0.023260
0.105980
0.036362
0.059488
0.174853
0.070197
0.044269
0.168341
0.113025
0.071567
0.148647
0.188026
0.035246
0.137530
0.051319
0.034179
0.111680
0.110950
0.101627
0.424919
0.096428
0.078590
0.097211
0.212631
0.485399
0.161712
0.200022
0.061477
0.235451
0.090984
0.054223
0.243994
0.055186
0.031697
0.196218
0.162008
0.104989
0.116236
0.014416
0.090297
0.230193
0.114884
0.153413
0.024563
0.051519
0.158556
0.107865
0.046651
0.159359
0.067815
0.085652
0.359372
0.051571
0.182618
0.203942
0.108279
0.104188
0.116835
0.055267
0.186204
0.031340
0.044774
0.125529
0.012072
0.127795
0.125818
0.100142
0.077346
0.127505
0.056951
0.114737
0.140333
0.175560
0.039659
0.184687
0.038978
0.102359
0.140440
0.109787
0.017071
0.099982
0.025685
0.026796
0.030359
0.249077
0.084589
0.029687
0.077075
0.058239
0.116894
0.156612
0.062895
0.015197
0.170396
0.251679
0.089739
0.176605
0.041452
0.097084
0.128595
0.062887
0.075655
0.054344
0.034925
0.042099
0.096643
0.014589
0.098133
0.134072
0.052193
0.087890
0.085670
0.036941
0.141886
0.092029
0.134676
0.215245
0.036270
0.093580
0.087809
0.058516
0.078505
0.174554
0.097181
0.213791
0.070928
0.050828
0.184681
0.456938
0.027019
0.065852
0.046137
0.174108
0.041506
0.100774
0.120306
0.090371
0.078296
0.135102
0.161955
0.089800
0.101689
0.113563
0.124217
0.296000
0.045493
0.120288
0.045275
0.057030
0.119876
0.232497
0.138099
0.056946
0.020302
0.121289
0.220432
0.117273
0.129302
0.039788
0.165662
0.048763
0.076297
0.366014
0.152811
0.072033
0.022872
0.129391
0.054643
0.044687
0.165043
0.176518
0.040160
0.054835
0.040743
0.215495
0.264024
0.347346
0.034273
0.145202
0.135539
0.119879
0.033488
0.078691
0.148769
0.102332
0.173739
0.070624
0.082213
0.151057
0.030900
0.156956
0.097798
0.137170
0.052793
0.219575
0.093954
0.131130
0.038422
0.096532
0.076240
0.049510
0.090920
0.106457
0.072024
0.337929
0.105824
0.090949
0.057429
0.175964
0.119879
0.157042
0.166778
0.134814
0.189619
0.108334
0.055116
0.098310
0.057914
0.114288
0.117759
0.058630
0.063772
0.018372
0.041843
0.209277
0.139908
0.402823
0.072936
0.220207
0.132091
0.186207
0.025530
0.144689
0.092535
0.086503
0.068450
0.122741
0.133156
0.135767
0.095201
0.092914
0.149564
0.077598
0.265271
0.391799
0.138020
0.018524
0.130854
0.325076
0.034903
0.082946
0.179233
0.046476
0.081910
0.187105
0.106972
0.163140
0.111116
0.086945
0.096550
0.144843
0.131104
0.132755
0.067322
0.121406
0.299599
0.103854
0.178156
0.107116
0.188163
0.085890
0.081302
0.238027
0.010541
0.032467
0.052910
0.228928
0.088361
0.102583
0.034471
0.113710
0.118969
0.064141
0.059578
0.125180
0.071293
0.070447
0.019635
0.172005
0.433970
0.083844
0.014246
0.064474
0.137331
0.092379
0.228632
0.061522
0.153081
0.141428
0.040025
0.076907
0.085355
0.160582
0.072707
0.139984
0.077001
0.042366
0.088627
0.171829
0.066274
0.190653
0.065907
0.098604
0.162042
0.099223
0.254286
0.004215
0.100759
0.227226
0.063702
0.055876
0.062371
0.014005
0.119565
0.065254
0.028070
0.068574
0.076762
0.025878
0.071660
0.095159
0.032368
0.018913
0.080399
0.297950
0.111488
0.371283
0.047350
0.079399
0.155168
0.115440
0.068975
0.058974
0.133746
0.168821
0.025763
0.073024
0.369092
0.146941
0.180970
0.142967
0.085952
0.149892
0.115673
0.253982
0.451477
0.108519
0.010152
0.195653
0.267043
0.107477
0.239251
0.291134
0.082284
0.111711
0.058737
0.123713
0.025199
0.070986
0.059976
0.180811
0.149883
0.053743
0.145002
0.080630
0.008785
0.094597
0.103283
0.047171
0.096402
0.150042
0.026969
0.055807
0.126003
0.269054
0.213428
0.167068
0.026910
0.056202
0.220856
0.130068
0.093955
0.048086
0.297142
0.321354
0.105929
0.060348
0.146402
0.032052
0.114051
0.017321
0.030682
0.429378
0.029926
0.096973
0.052308
0.126011
0.040212
0.101608
0.238874
0.077901
0.133438
0.216049
0.066920
0.069537
0.044236
0.118450
0.233811
0.147437
0.055231
0.066621
0.024098
0.147607
0.060989
0.069399
0.130948
0.122705
0.056511
0.039046
0.146979
0.109077
0.028006
0.081304
0.059491
0.186435
0.201230
0.084739
0.133820
0.026824
0.110038
0.228450
0.146442
0.132806
0.146626
0.031900
0.050225
0.176398
0.309375
0.192740
0.083951
0.083255
0.025587
0.076160
0.265553
0.100196
0.115019
0.103140
0.151406
0.052264
0.045293
0.103883
0.167541
0.019251
0.015185
0.139796
0.366247
0.161761
0.017998
0.055142
0.042373
0.142752
0.123260
0.098756
0.172642
0.091322
0.114990
0.063093
0.127037
0.056507
0.136482
0.041373
0.088318
0.169174
0.059627
0.144672
0.027977
0.178935
0.151749
0.030691
0.116136
0.141634
0.115324
0.054787
0.231579
0.156643
0.123000
0.022430
0.089240
0.069377
0.175729
0.068745
0.088240
0.221635
0.289548
0.027847
0.061095
0.104133
0.217722
0.122296
0.106021
0.055398
0.019081
0.213996
0.313124
0.034097
0.016780
0.056244
0.025662
0.163632
0.201217
0.093962
0.049460
0.339993
0.389437
0.232306
0.088597
0.127292
0.054242
0.141197
0.027364
0.007554
0.137009
0.103736
0.108207
0.130044
0.065728
0.228418
0.230529
0.039498
0.034514
0.044861
0.079023
0.123697
0.077348
0.245418
0.172766
0.136383
0.187266
0.071320
0.033573
0.228025
0.170055
0.041970
0.107349
0.021977
0.108092
0.263368
0.059478
0.166412
0.182625
0.036736
0.027296
0.033740
0.059287
0.137784
0.129536
0.048760
0.089740
0.024347
0.062979
0.050527
0.046358
0.022857
0.215856
0.012724
0.038614
0.136920
0.125835
0.124124
0.115287
0.074088
0.167640
0.093946
0.039531
0.116035
0.150085
0.156415
0.113026
0.188513
0.092551
0.025238
0.076768
0.162466
0.439835
0.009799
0.073096
0.176259
0.098835
0.115805
0.016933
0.120534
0.016488
0.103380
0.047921
0.318018
0.042374
0.118685
0.109699
0.040965
0.146513
0.086461
0.012391
0.125319
0.364584
0.123948
0.049848
0.017127
0.027639
0.136871
0.180014
0.178178
0.140318
0.118222
0.077634
0.132816
0.123438
0.231988
0.132233
0.160544
0.218815
0.064945
0.168936
0.053668
0.068029
0.399520
0.072012
0.420459
0.181973
0.060768
0.107502
0.133163
0.168975
0.432435
0.082646
0.043193
0.111128
0.157147
0.091399
0.187415
0.050456
0.118247
0.097876
0.067591
0.037210
0.019563
0.410777
0.042365
0.076530
0.071841
0.048750
0.396928
0.058950
0.275968
0.215613
0.151051
0.142688
0.223275
0.149672
0.020216
0.082346
0.045867
0.108319
0.014667
0.037432
0.010560
0.331133
0.100087
0.150679
0.216884
0.122626
0.065013
0.086967
0.067023
0.017076
0.027710
0.245200
0.086993
0.023722
0.028804
0.178317
0.260224
0.102705
0.079125
0.200725
0.038288
0.004203
0.120344
0.097285
0.019824
0.085195
0.157833
0.100613
0.046177
0.175620
0.117366
0.117204
0.210286
0.231125
0.098084
0.135300
0.049494
0.040264
0.069823
0.102170
0.125103
0.039933
0.174121
0.108631
0.093003
0.050120
0.231632
0.112009
0.083121
0.296770
0.050506
0.115740
0.133514
0.137278
0.020286
0.178253
0.120383
0.087668
0.052859
0.074777
0.112909
0.054248
0.012208
0.116675
0.035295
0.060688
0.121138
0.045145
0.077144
0.074410
0.147668
0.141667
0.134549
0.144651
0.096948
0.116669
0.103910
0.053432
0.097990
0.072673
0.139865
0.024056
0.029680
0.111320
0.085434
0.104960
0.157756
0.145523
0.241191
0.038085
0.126280
0.124035
0.054445
0.042097
0.014301
0.535473
0.383086
0.139681
0.076903
0.082287
0.083802
0.251621
0.061888
0.446902
0.104238
0.148593
0.017320
0.106702
0.127520
0.206425
0.066433
0.234960
0.055185
0.051123
0.124183
0.042011
0.095940
0.116146
0.224612
0.090395
0.136973
0.046328
0.158806
0.027807
0.212398
0.099531
0.066586
0.223120
0.080508
0.219738
0.110736
0.043808
0.122384
0.058825
0.169385
0.194526
0.197501
0.105432
0.016240
0.039471
0.120896
0.008756
0.175012
0.215823
0.154193
0.092468
0.354187
0.156701
0.145901
0.091831
0.025966
0.077171
0.150414
0.132454
0.014791
0.113964
0.079472
0.137811
0.077011
0.122089
0.110161
0.058213
0.092376
0.150684
0.012840
0.303563
0.069161
0.054824
0.218537
0.095772
0.142586
0.106614
0.012689
0.270436
0.213691
0.122915
0.021875
0.073725
0.129751
0.139233
0.027279
0.024425
0.115200
0.224002
0.157406
0.032864
0.251292
0.111807
0.157952
0.118202
0.085685
0.048449
0.158666
0.053146
0.081053
0.067391
0.017050
0.115867
0.067418
0.018215
0.123162
0.026955
0.184786
0.028492
0.205471
0.205307
0.234933
0.079791
0.157178
0.040319
0.047271
0.042790
0.136080
0.060242
0.089405
0.022846
0.137068
0.012042
0.095865
0.101609
0.115574
0.076518
0.117275
0.059643
0.053904
0.077864
0.016154
0.200506
0.073833
0.050624
0.070145
0.101491
0.217102
0.018985
0.093942
0.031336
0.114662
0.285984
0.038551
0.028577
0.012995
0.176518
0.070979
0.091289
0.059532
0.035791
0.015173
0.127499
0.047027
0.086987
0.083247
0.144443
0.152834
0.032613
0.093302
0.060536
0.057124
0.095106
0.127102
0.076093
0.079841
0.072899
0.020495
0.025550
0.134554
0.071426
0.036126
0.090824
0.097765
0.080197
0.096223
0.147056
0.047464
0.040177
0.024174
0.047222
0.021322
0.052095
0.089676
0.109914
0.047254
0.066205
0.053902
0.126735
0.061174
0.163577
0.308083
0.097882
0.024188
0.033521
0.077185
0.088557
0.061537
0.129459
0.092600
0.127127
0.189299
0.116236
0.009747
0.062889
0.284263
0.126007
0.064037
0.041791
0.150989
0.175532
0.082982
0.045625
0.160715
0.234637
0.145693
0.300322
0.142767
0.119627
0.070146
0.147149
0.017212
0.104363
0.036853
0.092336
0.137204
0.184859
0.076588
0.023170
0.272324
0.049345
0.021365
0.126689
0.005549
0.104992
0.121517
0.189952
0.229980
0.177755
0.019348
0.142961
0.044705
0.036865
0.109349
0.110450
0.145244
0.035286
0.120632
0.229851
0.196521
0.167351
0.039000
0.027285
0.114755
0.074079
0.121552
0.155690
0.145840
0.215211
0.232398
0.107446
0.030138
0.212212
0.045750
0.024334
0.037173
0.134114
0.047779
0.128869
0.344988
0.063084
0.113697
0.099044
0.030827
0.213411
0.035053
0.094915
0.073433
0.114862
0.185190
0.117337
0.063615
0.112763
0.097774
0.035166
0.168023
0.056384
0.174082
0.104459
0.144866
0.105028
0.112206
0.038123
0.148848
0.341640
0.056155
0.151497
0.050001
0.085743
0.009918
0.120572
0.130107
0.165509
0.055706
0.135788
0.309609
0.305813
0.122527
0.051891
0.048283
0.144722
0.113064
0.081229
0.041844
0.052237
0.040256
0.034443
0.064560
0.041956
0.150929
0.080150
0.149551
0.145953
0.097738
0.151281
0.027765
0.163653
0.073391
0.068327
0.162957
0.148358
0.071031
0.129392
0.183354
0.128565
0.054754
0.063383
0.106471
0.078803
0.043134
0.113512
0.286712
0.115379
0.344387
0.148866
0.044620
0.109673
0.109782
0.118172
0.052255
0.040768
0.066241
0.124812
0.022463
0.051905
0.052441
0.391374
0.098833
0.090928
0.072059
0.111083
0.059586
0.245997
0.129635
0.078785
0.024132
0.110708
0.122191
0.129774
0.064511
0.118448
0.177462
0.037121
0.397303
0.149930
0.024887
0.017041
0.096795
0.023905
0.021253
0.200459
0.094866
0.214397
0.110575
0.189717
0.178663
0.025079
0.156491
0.204935
0.088505
0.100067
0.096368
0.158429
0.110570
0.090087
0.127050
0.182029
0.109520
0.068339
0.168611
0.108713
0.218306
0.072211
0.066589
0.047581
0.019335
0.137306
0.155184
0.121428
0.119262
0.116167
0.036024
0.031306
0.168148
0.023167
0.123572
0.137319
0.067450
0.282638
0.132010
0.114294
0.074006
0.155029
0.188680
0.083080
0.197737
0.033131
0.112321
0.144484
0.169175
0.052413
0.063645
0.174655
0.051625
0.026678
0.148322
0.054454
0.065111
0.102361
0.103188
0.079340
0.085746
0.053024
0.011484
0.091080
0.018123
0.020075
0.110525
0.079122
0.020296
0.211928
0.050794
0.130160
0.022730
0.105254
0.020301
0.132110
0.129326
0.090949
0.069676
0.067836
0.088144
0.076685
0.092499
0.130193
0.172818
0.082399
0.255879
0.247572
0.144682
0.161649
0.074436
0.094933
0.455473
0.023947
0.163063
0.130904
0.233112
0.095160
0.195770
0.041443
0.222881
0.133900
0.112891
0.173125
0.068184
0.215492
0.096562
0.039703
0.085740
0.046308
0.216909
0.088690
0.019104
0.096313
0.011505
0.133261
0.042493
0.095319
0.050474
0.131005
0.149747
0.089259
0.074659
0.036500
0.093354
0.107737
0.219723
0.035899
0.144497
0.109468
0.154092
0.169989
0.430991
0.176164
0.232362
0.074329
0.137147
0.267566
0.069550
0.041552
0.017224
0.130820
0.154780
0.084806
0.042393
0.108043
0.115711
0.024423
0.127663
0.187243
0.042903
0.154361
0.111497
0.107336
0.100990
0.338621
0.034164
0.077326
0.108989
0.197851
0.039777
0.041701
0.278575
0.046679
0.053988
0.212216
0.256440
0.117087
0.142597
0.076800
0.065828
0.057222
0.049508
0.052173
0.103161
0.179162
0.214644
0.045108
0.064026
0.192657
0.037192
0.027417
0.195395
0.154717
0.058822
0.143244
0.079485
0.026701
0.146476
0.082212
0.062049
0.153573
0.069200
0.178535
0.104431
0.096506
0.174600
0.082549
0.069741
0.023400
0.046824
0.044712
0.124319
0.139126
0.018823
0.093408
0.286061
0.059900
0.071109
0.133622
0.032017
0.067241
0.219007
0.175412
0.143710
0.129275
0.037114
0.078158
0.045586
0.025497
0.056636
0.041570
0.019407
0.219290
0.040264
0.061592
0.072147
0.041499
0.088270
0.200092
0.028330
0.165752
0.189506
0.114776
0.037252
0.100068
0.163108
0.185906
0.160333
0.224032
0.143561
0.070577
0.039370
0.019547
0.053292
0.353357
0.130086
0.238935
0.014948
0.072633
0.141921
0.083079
0.105455
0.034200
0.163692
0.210595
0.158593
0.057088
0.161863
0.108848
0.136324
0.058843
0.154476
0.185775
0.103164
0.074693
0.170168
0.044869
0.202824
0.132358
0.126439
0.146358
0.088528
0.012923
0.110322
0.147955
0.065195
0.083962
0.065557
0.055262
0.056802
0.185709
0.043729
0.064060
0.036320
0.122583
0.089635
0.178531
0.225223
0.068508
0.046311
0.203906
0.206508
0.381559
0.060972
0.142666
0.102851
0.024646
0.190232
0.077233
0.167334
0.218333
0.180678
0.012480
0.042156
0.029082
0.135004
0.026507
0.227450
0.057038
0.062595
0.186026
0.286450
0.043117
0.126398
0.038950
0.063277
0.085290
0.174509
0.154484
0.057981
0.154349
0.134076
0.126458
0.080897
0.128260
0.025085
0.331176
0.061223
0.047295
0.024909
0.181155
0.114653
0.062547
0.029160
0.126480
0.085548
0.134098
0.057421
0.467695
0.358217
0.113464
0.069158
0.059623
0.131096
0.068939
0.132781
0.057452
0.120056
0.069593
0.048310
0.026030
0.277167
0.059970
0.068708
0.191343
0.127680
0.106523
0.059310
0.103438
0.356337
0.077465
0.201063
0.032653
0.043791
0.116180
0.034307
0.157784
0.137028
0.103184
0.087557
0.131259
0.142267
0.134303
0.100728
0.120874
0.071176
0.200029
0.073737
0.291669
0.111891
0.184375
0.337706
0.133620
0.189607
0.094606
0.072233
0.077009
0.091345
0.033487
0.090207
0.090672
0.137286
0.139092
0.182382
0.085819
0.055059
0.043445
0.126016
0.029585
0.270189
0.031657
0.037676
0.160069
0.053828
0.019272
0.193586
0.089237
0.038812
0.086687
0.094649
0.154920
0.082633
0.043756
0.242356
0.142450
0.101831
0.068750
0.003465
0.052626
0.026365
0.130082
0.106001
0.076567
0.112358
0.034897
0.287054
0.185591
0.071151
0.059854
0.356471
0.184063
0.249196
0.012570
0.119147
0.037732
0.064896
0.108483
0.136808
0.054370
0.077478
0.039473
0.172443
0.016887
0.040513
0.205398
0.088673
0.021530
0.027350
0.082722
0.105620
0.071341
0.156435
0.062733
0.058645
0.135934
0.062418
0.068311
0.027605
0.062167
0.142172
0.056280
0.204562
0.049794
0.099840
0.067437
0.100656
0.132061
0.089519
0.204409
0.185025
0.121927
0.135432
0.159214
0.017331
0.148421
0.018082
0.104841
0.137888
0.042649
0.014720
0.087666
0.193878
0.013638
0.160672
0.145182
0.129744
0.114046
0.013741
0.128704
0.127406
0.098976
0.022492
0.120059
0.102264
0.053428
0.327272
0.027482
0.054097
0.194219
0.059145
0.229713
0.055917
0.282504
0.067948
0.042277
0.054487
0.087998
0.121184
0.088839
0.076564
0.049153
0.156722
0.237045
0.118663
0.169962
0.166385
0.020597
0.035058
0.046148
0.040817
0.147472
0.153610
0.107406
0.070252
0.102881
0.193301
0.292814
0.168480
0.140758
0.128850
0.050310
0.049830
0.110798
0.079642
0.195261
0.087669
0.098450
0.103498
0.066247
0.112730
0.053123
0.055468
0.094817
0.268833
0.170323
0.252675
0.076044
0.096331
0.073614
0.037307
0.032932
0.104149
0.026144
0.062709
0.159020
0.042050
0.021684
0.025249
0.036941
0.167072
0.137325
0.047430
0.165611
0.047540
0.018740
0.101391
0.078757
0.154512
0.173048
0.225942
0.087160
0.057007
0.175093
0.128841
0.181118
0.061494
0.037390
0.074711
0.137426
0.062067
0.044573
0.086795
0.046459
0.185931
0.011489
0.205029
0.074055
0.206267
0.040317
0.157459
0.082020
0.157225
0.180045
0.110420
0.080492
0.111156
0.161230
0.023374
0.044775
0.142859
0.042581
0.096709
0.033246
0.153330
0.168625
0.166937
0.043342
0.144007
0.144002
0.197413
0.046762
0.167485
0.152066
0.082494
0.231905
0.114419
0.030242
0.216932
0.076423
0.102196
0.048096
0.064865
0.101639
0.400161
0.482977
0.208235
0.051540
0.048087
0.013361
0.060320
0.117210
0.052191
0.033697
0.251078
0.088707
0.154662
0.182885
0.146792
0.065260
0.262034
0.049252
0.059135
0.042473
0.094459
0.099423
0.069197
0.059348
0.015107
0.133579
0.237163
0.110717
0.049681
0.116448
0.047934
0.142836
0.027482
0.025541
0.179530
0.073573
0.069533
0.085658
0.028925
0.318847
0.092484
0.171421
0.233851
0.054894
0.100996
0.198360
0.057057
0.118927
0.071078
0.088179
0.022447
0.197421
0.036826
0.052397
0.124395
0.102283
0.059989
0.046511
0.169621
0.071222
0.155525
0.036632
0.176594
0.113406
0.026132
0.069652
0.164708
0.193099
0.031104
0.020502
0.124707
0.192488
0.038485
0.036201
0.107897
0.121925
0.158389
0.168569
0.082993
0.187386
0.095724
0.059925
0.072422
0.358108
0.046587
0.183248
0.101045
0.049775
0.050897
0.186351
0.056717
0.158711
0.090543
0.120140
0.074034
0.060999
0.216540
0.123362
0.390135
0.051455
0.056947
0.144746
0.105825
0.114436
0.071360
0.086749
0.093363
0.198953
0.065772
0.134278
0.137023
0.061131
0.167877
0.142807
0.092024
0.051549
0.121048
0.242935
0.066256
0.108455
0.156335
0.237363
0.176266
0.113913
0.259349
0.008626
0.185161
0.150791
0.066718
0.028032
0.039824
0.066644
0.129684
0.251880
0.043637
0.075575
0.013076
0.121409
0.165238
0.172599
0.133064
0.060977
0.088588
0.064823
0.222110
0.093068
0.028606
0.144003
0.162895
0.145801
0.241200
0.079122
0.028089
0.074780
0.264333
0.319088
0.052630
0.050334
0.079298
0.109411
0.108815
0.115656
0.487487
0.104363
0.055163
0.125828
0.061350
0.049557
0.055860
0.074425
0.075468
0.198521
0.140081
0.093165
0.126069
0.068133
0.137826
0.105816
0.020709
0.024961
0.064594
0.053720
0.148771
0.104251
0.030151
0.133018
0.049760
0.019903
0.061525
0.055806
0.118842
0.058747
0.044579
0.092813
0.215347
0.082039
0.087334
0.138977
0.181231
0.037817
0.137736
0.053307
0.162892
0.083738
0.046713
0.182432
0.038374
0.161534
0.071323
0.148687
0.087059
0.142402
0.239249
0.048056
0.475369
0.254304
0.127404
0.047120
0.065323
0.088246
0.134998
0.136898
0.060215
0.095146
0.119380
0.113747
0.201955
0.246220
0.191797
0.059235
0.036144
0.109308
0.226008
0.051853
0.088269
0.002903
0.055776
0.064896
0.026741
0.044037
0.171633
0.084900
0.092995
0.093980
0.035871
0.076082
0.040800
0.171409
0.208867
0.060209
0.103393
0.059285
0.061196
0.129705
0.124027
0.071150
0.273392
0.140230
0.149077
0.095421
0.030588
0.084486
0.064300
0.178708
0.027639
0.070871
0.096144
0.054915
0.189546
0.138122
0.041857
0.098760
0.105588
0.012963
0.124318
0.083351
0.115588
0.125405
0.020805
0.047734
0.080273
0.081455
0.063055
0.113052
0.095173
0.160105
0.066606
0.126369
0.024121
0.138223
0.048282
0.175549
0.363996
0.048645
0.085943
0.217485
0.235337
0.122838
0.063653
0.108345
0.040003
0.012948
0.135196
0.041450
0.120281
0.057661
0.067366
0.024275
0.070007
0.074667
0.072448
0.158532
0.119936
0.075247
0.026936
0.176380
0.106416
0.042809
0.025135
0.063128
0.171176
0.134298
0.061021
0.088129
0.231531
0.043132
0.075670
0.268889
0.067937
0.222389
0.154447
0.158180
0.154829
0.076692
0.434831
0.074887
0.062840
0.083904
0.138886
0.063865
0.083676
0.018466
0.022983
0.131047
0.061652
0.019253
0.061549
0.019384
0.221467
0.073693
0.058102
0.046104
0.156376
0.024694
0.184893
0.095041
0.029532
0.061888
0.176348
0.122926
0.182371
0.162011
0.162577
0.122414
0.246227
0.101765
0.021609
0.055480
0.050146
0.173087
0.391480
0.201505
0.034866
0.121844
0.062994
0.224281
0.061421
0.140420
0.218501
0.219949
0.097576
0.055073
0.099950
0.085749
0.069705
0.073731
0.036542
0.286883
0.239271
0.151870
0.006974
0.092557
0.094916
0.046524
0.058106
0.147629
0.019024
0.051101
0.287409
0.038439
0.107020
0.068959
0.025841
0.158928
0.059164
0.094258
0.015862
0.147433
0.118556
0.070194
0.229408
0.066381
0.059975
0.110977
0.097981
0.081416
0.041768
0.096925
0.099436
0.057288
0.146498
0.050440
0.275833
0.170533
0.090102
0.029754
0.084340
0.131280
0.211269
0.211873
0.039932
0.139623
0.118391
0.015634
0.182160
0.032540
0.263586
0.146224
0.105836
0.296184
0.045731
0.357684
0.023582
0.134160
0.226761
0.059697
0.057044
0.036023
0.043899
0.132210
0.133662
0.098915
0.094322
0.198049
0.148607
0.213831
0.110211
0.071851
0.150768
0.118421
0.259342
0.065919
0.187960
0.063416
0.122863
0.057825
0.144385
0.144594
0.116667
0.168662
0.028250
0.133489
0.056500
0.098910
0.110625
0.046779
0.026045
0.061329
0.109519
0.155819
0.220110
0.075566
0.078843
0.205537
0.349197
0.211675
0.012398
0.025269
0.103512
0.024403
0.110178
0.118411
0.049643
0.056464
0.117534
0.140474
0.058689
0.116550
0.018314
0.125516
0.093510
0.105964
0.040735
0.093123
0.081896
0.084281
0.189805
0.191879
0.052878
0.061389
0.088730
0.174848
0.253383
0.050534
0.375303
0.066430
0.058295
0.352233
0.103942
0.150382
0.117909
0.023489
0.033773
0.068761
0.197754
0.174311
0.083632
0.072326
0.119745
0.002087
0.152972
0.098171
0.012417
0.087134
0.043026
0.040859
0.170929
0.247871
0.449436
0.031553
0.129178
0.201794
0.149487
0.401692
0.223570
0.061522
0.058224
0.036442
0.142637
0.169330
0.155587
0.377576
0.240110
0.233975
0.060695
0.108984
0.189203
0.050231
0.031466
0.063305
0.198504
0.165065
0.052872
0.205935
0.107084
0.310570
0.033896
0.014411
0.137465
0.129727
0.057419
0.117832
0.149898
0.086877
0.059053
0.062801
0.091275
0.273439
0.100216
0.158456
0.199117
0.085682
0.025004
0.063488
0.106370
0.374969
0.028524
0.153261
0.126717
0.213666
0.118942
