0.075551
0.017404
0.063345
0.064100
0.025997
0.106860
0.094153
0.002755
0.025372
0.026001
0.012952
0.024754
0.093196
0.200970
0.268870
0.139005
0.018323
0.077209
0.103018
0.038990
0.078583
0.039213
0.109508
0.118332
0.042970
0.094588
0.077859
0.003708
0.191327
0.027285
0.020515
0.096151
0.021867
0.111528
0.031937
0.012154
0.093577
0.008988
0.040517
0.021427
0.108687
0.001695
0.220664
0.051497
0.154983
0.146935
0.164662
0.093164
0.003923
0.016250
0.113775
0.083024
0.100069
0.015253
0.083870
0.010273
0.020295
0.041428
0.027200
0.022441
0.028710
0.110347
0.004018
0.032977
0.048968
0.041873
0.016121
0.005750
0.088701
0.085038
0.016928
0.153973
0.040233
0.053892
0.015048
0.010581
0.047454
0.152212
0.014769
0.126759
0.117071
0.268277
0.008558
0.071296
0.073418
0.072125
0.020946
0.039908
0.010102
0.108224
0.035332
0.023374
0.046909
0.080935
0.028087
0.049038
0.068695
0.023570
0.062876
0.001870
0.015663
0.123803
0.109902
0.154554
0.190997
0.102798
0.145452
0.132904
0.005110
0.062588
0.029571
0.121293
0.107903
0.008486
0.022721
0.013592
0.018681
0.003597
0.182486
0.064128
0.052812
0.130763
0.063742
0.153078
0.017066
0.374828
0.039404
0.036961
0.061213
0.131042
0.060104
0.232462
0.055680
0.114283
0.038674
0.013125
0.020461
0.059464
0.176911
0.169822
0.019106
0.094966
0.054979
0.015650
0.035846
0.117065
0.024911
0.021447
0.006441
0.043153
0.125614
0.040707
0.032454
0.013598
0.000687
0.018376
0.097242
0.043874
0.068219
0.059073
0.001728
0.009510
0.131623
0.113068
0.013413
0.100355
0.107759
0.048469
0.148178
0.091805
0.011358
0.046774
0.138292
0.051946
0.179907
0.043796
0.006275
0.048647
0.042634
0.035757
0.038886
0.127363
0.204013
0.037675
0.023808
0.110067
0.007155
0.004781
0.158145
0.302220
0.027007
0.121433
0.069817
0.047990
0.106285
0.005230
0.182500
0.082782
0.067338
0.001307
0.061857
0.010139
0.026224
0.030374
0.022013
0.065014
0.009396
0.058822
0.141817
0.052956
0.225949
0.025021
0.216241
0.130979
0.097117
0.023959
0.012683
0.118230
0.011030
0.054211
0.049755
0.047891
0.009616
0.126521
0.018050
0.002332
0.041130
0.188827
0.006641
0.023444
0.010830
0.282756
0.005156
0.010287
0.094638
0.013970
0.019359
0.043319
0.049065
0.082370
0.099217
0.025545
0.202693
0.011371
0.005693
0.168617
0.010624
0.134747
0.114096
0.030093
0.051060
0.085486
0.014834
0.076164
0.023206
0.277170
0.017461
0.042631
0.031705
0.013746
0.084949
0.108344
0.075045
0.042349
0.076991
0.012195
0.124673
0.235447
0.103809
0.022891
0.161997
0.033254
0.022737
0.089381
0.158691
0.094269
0.035857
0.005907
0.241737
0.010462
0.030127
0.014404
0.010880
0.035142
0.176494
0.066279
0.015894
0.120560
0.051986
0.017213
0.135564
0.129982
0.046988
0.019477
0.007041
0.062564
0.125651
0.010632
0.008888
0.015418
0.138893
0.118819
0.011969
0.021480
0.056677
0.173836
0.189368
0.022715
0.048615
0.017489
0.035490
0.026295
0.142652
0.065384
0.005407
0.100489
0.104872
0.043276
0.013981
0.005197
0.016925
0.022999
0.080826
0.069947
0.190630
0.006303
0.052679
0.049595
0.069563
0.060586
0.229035
0.017616
0.003210
0.059358
0.074656
0.011117
0.013455
0.147832
0.076273
0.185553
0.047068
0.074621
0.100169
0.019066
0.143919
0.133429
0.012680
0.023453
0.056495
0.056548
0.022963
0.118563
0.024839
0.020455
0.063469
0.003693
0.040302
0.083075
0.116673
0.020382
0.010036
0.002230
0.036014
0.128821
0.041880
0.032701
0.003709
0.012648
0.014147
0.054756
0.107658
0.026343
0.074369
0.052938
0.116332
0.009027
0.096376
0.214700
0.298918
0.055843
0.073734
0.023440
0.008526
0.108099
0.036159
0.059448
0.087034
0.016830
0.076469
0.173112
0.167921
0.153650
0.027166
0.144733
0.037503
0.062692
0.003689
0.142420
0.239737
0.121351
0.085940
0.041698
0.020070
0.043448
0.028618
0.157611
0.056201
0.015125
0.015622
0.143668
0.006529
0.021729
0.028143
0.065118
0.019065
0.004815
0.004496
0.041275
0.109005
0.017209
0.027534
0.039084
0.003076
0.014720
0.005574
0.081412
0.174743
0.070058
0.046366
0.012332
0.026679
0.101940
0.027288
0.045317
0.013979
0.037317
0.399214
0.095862
0.115877
0.044965
0.088891
0.064382
0.086782
0.151888
0.017414
0.075525
0.014823
0.007043
0.124937
0.035177
0.025889
0.149148
0.044815
0.047362
0.115930
0.273339
0.045598
0.080390
0.008340
0.047584
0.013012
0.052023
0.053684
0.075544
0.036173
0.118265
0.075638
0.073568
0.060451
0.075181
0.055928
0.053859
0.006648
0.013391
0.087342
0.010834
0.218545
0.008480
0.078063
0.024475
0.017501
0.197438
0.107971
0.014195
0.108893
0.051686
0.108868
0.009091
0.027340
0.157812
0.006883
0.058298
0.050119
0.091199
0.007886
0.036727
0.058231
0.012630
0.332245
0.364411
0.167136
0.094439
0.067985
0.100406
0.035972
0.044990
0.146197
0.171002
0.116440
0.100574
0.060154
0.030417
0.018702
0.146416
0.119249
0.157372
0.123363
0.040708
0.148588
0.021889
0.146712
0.028128
0.163509
0.030086
0.011120
0.061062
0.014430
0.007381
0.025585
0.051114
0.006307
0.078431
0.175646
0.194088
0.001442
0.219624
0.020319
0.155545
0.074740
0.009751
0.014523
0.018412
0.099411
0.060670
0.051569
0.012714
0.392372
0.043972
0.005657
0.070252
0.035969
0.067966
0.268340
0.129963
0.150521
0.127047
0.100539
0.033581
0.111111
0.027079
0.065526
0.102414
0.026581
0.093122
0.185902
0.019384
0.149389
0.017681
0.025014
0.193687
0.027229
0.076982
0.010824
0.034672
0.428220
0.011538
0.082168
0.100018
0.141202
0.025189
0.089410
0.047593
0.029759
0.064925
0.165157
0.099917
0.113445
0.013306
0.044828
0.025725
0.114268
0.016328
0.004618
0.019241
0.009828
0.017333
0.177508
0.003347
0.053468
0.026590
0.010326
0.054157
0.062831
0.009713
0.050843
0.197504
0.077076
0.019766
0.027562
0.160488
0.029226
0.017986
0.031224
0.017272
0.050913
0.157499
0.093857
0.038277
0.071991
0.053535
0.074736
0.118922
0.012974
0.002567
0.127568
0.185199
0.046963
0.051820
0.068835
0.034205
0.059702
0.013329
0.055647
0.048655
0.007995
0.026625
0.032566
0.010167
0.130895
0.035761
0.102492
0.013675
0.214248
0.180946
0.033936
0.026489
0.026938
0.057568
0.089470
0.039688
0.182879
0.144576
0.074057
0.129901
0.042436
0.006319
0.233758
0.021313
0.015081
0.013818
0.185022
0.022118
0.175929
0.050586
0.028655
0.010305
0.004100
0.104937
0.159355
0.027325
0.026167
0.110869
0.155309
0.047915
0.006478
0.007509
0.173537
0.088252
0.190563
0.021682
0.028188
0.099405
0.030820
0.086311
0.037599
0.034572
0.117451
0.082490
0.037805
0.176829
0.080880
0.025535
0.160981
0.079596
0.119709
0.192199
0.072673
0.144450
0.076631
0.220654
0.155328
0.045816
0.173158
0.050195
0.029636
0.032908
0.066318
0.040524
0.131592
0.012358
0.117423
0.007176
0.020590
0.014061
0.048403
0.042003
0.010379
0.132417
0.025950
0.177124
0.034798
0.059882
0.073298
0.007288
0.028257
0.105930
0.051785
0.091481
0.244634
0.088152
0.008765
0.010094
0.106563
0.149324
0.096985
0.047187
0.108513
0.006320
0.498963
0.009293
0.103151
0.067546
0.091093
0.011298
0.023075
0.110033
0.036272
0.016916
0.004816
0.006415
0.105324
0.082015
0.131882
0.008732
0.026071
0.080009
0.030712
0.009333
0.069352
0.087772
0.024380
0.022628
0.011731
0.025909
0.089823
0.022283
0.054566
0.084040
0.003024
0.098598
0.149002
0.007254
0.020020
0.039446
0.019377
0.022517
0.120838
0.310159
0.009876
0.046091
0.135794
0.049238
0.057513
0.028635
0.096020
0.040592
0.057176
0.098528
0.086321
0.087776
0.013134
0.026634
0.121788
0.020659
0.007378
0.015242
0.004447
0.027864
0.042486
0.055694
0.198066
0.001466
0.103446
0.070554
0.084393
0.110036
0.120125
0.043644
0.006241
0.174402
0.006418
0.071712
0.048160
0.066246
0.068958
0.047347
0.013263
0.018702
0.109955
0.047147
0.006637
0.057653
0.028944
0.001627
0.204733
0.058249
0.103336
0.021408
0.046758
0.102261
0.233448
0.012231
0.056715
0.066960
0.129681
0.161637
0.011557
0.002206
0.039346
0.040422
0.134119
0.020582
0.120854
0.011184
0.133258
0.073971
0.036626
0.192648
0.253390
0.088231
0.009030
0.012271
0.413270
0.025036
0.046418
0.142732
0.019406
0.156831
0.076614
0.180460
0.051995
0.048592
0.016267
0.103213
0.033158
0.086531
0.138435
0.014204
0.034629
0.054816
0.009686
0.348333
0.100582
0.004860
0.004572
0.076902
0.333843
0.114764
0.047212
0.130519
0.043037
0.013701
0.065483
0.028200
0.031611
0.028832
0.012660
0.031843
0.072421
0.019107
0.068494
0.006429
0.079699
0.012998
0.115338
0.094682
0.036998
0.018186
0.035650
0.180447
0.117005
0.108156
0.039333
0.001758
0.064339
0.020771
0.030016
0.004249
0.047824
0.020414
0.233832
0.258890
0.029372
0.068084
0.052058
0.047804
0.076646
0.112078
0.068649
0.064903
0.031870
0.002589
0.021551
0.061192
0.011267
0.110187
0.062129
0.025720
0.060323
0.197135
0.036945
0.055490
0.066233
0.099023
0.077277
0.012413
0.025733
0.012487
0.104091
0.054326
0.033304
0.192610
0.068373
0.094640
0.016539
0.062913
0.058884
0.043075
0.006682
0.056014
0.027777
0.085227
0.029920
0.036735
0.022677
0.088109
0.126543
0.007615
0.165067
0.134017
0.060243
0.031664
0.070921
0.065519
0.080556
0.088997
0.124421
0.218071
0.105554
0.035682
0.116802
0.039534
0.064109
0.220182
0.013591
0.058859
0.113936
0.065916
0.187153
0.202005
0.038847
0.136983
0.052529
0.127859
0.012929
0.028573
0.025194
0.005028
0.237346
0.147603
0.019945
0.050196
0.021003
0.023709
0.199887
0.003482
0.113239
0.070317
0.024090
0.017734
0.171196
0.057364
0.013262
0.052520
0.066898
0.015980
0.019780
0.012828
0.148018
0.010598
0.029997
0.012567
0.160437
0.003221
0.024797
0.192533
0.052220
0.022113
0.058554
0.164193
0.013499
0.142909
0.069480
0.045758
0.006094
0.079758
0.019953
0.014494
0.045082
0.030786
0.013982
0.062519
0.256546
0.051958
0.045513
0.145906
0.009924
0.087752
0.012982
0.075787
0.073920
0.009174
0.018980
0.030034
0.143691
0.004609
0.036944
0.016238
0.052507
0.156980
0.106527
0.178968
0.006523
0.295027
0.025596
0.054107
0.006073
0.007854
0.159813
0.106180
0.016257
0.053454
0.089057
0.009031
0.152855
0.040335
0.009062
0.089360
0.022096
0.465004
0.082420
0.082337
0.024315
0.017293
0.033818
0.034207
0.043125
0.109951
0.040032
0.341707
0.115715
0.109728
0.010270
0.089693
0.085528
0.007610
0.013717
0.035453
0.066889
0.130589
0.069077
0.253572
0.181570
0.046127
0.006872
0.040999
0.079871
0.056573
0.091962
0.040428
0.059656
0.079343
0.010046
0.033439
0.008389
0.256818
0.023471
0.022201
0.012618
0.007298
0.101480
0.155020
0.069756
0.050045
0.017610
0.023523
0.017935
0.155199
0.135464
0.217266
0.202645
0.143205
0.034035
0.172234
0.184303
0.003658
0.165921
0.034550
0.021591
0.087566
0.094746
0.002603
0.065315
0.036822
0.513760
0.009003
0.147752
0.123809
0.067413
0.001179
0.060579
0.026833
0.009546
0.027498
0.452855
0.144562
0.040725
0.078366
0.101544
0.245542
0.085655
0.031388
0.204643
0.025005
0.185851
0.023686
0.019136
0.031554
0.092814
0.025298
0.178241
0.029312
0.068893
0.016409
0.005809
0.014076
0.022895
0.081555
0.017363
0.005988
0.046579
0.004784
0.100211
0.005092
0.107620
0.007365
0.012158
0.016530
0.097373
0.104712
0.037174
0.101590
0.079439
0.157486
0.061074
0.007018
0.009784
0.039706
0.064699
0.130368
0.018579
0.047352
0.015434
0.051321
0.070043
0.086801
0.048542
0.007768
0.070572
0.035760
0.033976
0.059905
0.008314
0.043099
0.041175
0.126712
0.082607
0.070837
0.010108
0.008356
0.049502
0.045293
0.108239
0.067399
0.036341
0.304848
0.019166
0.108662
0.219848
0.003578
0.060649
0.317952
0.027125
0.018831
0.012577
0.032907
0.070757
0.037777
0.040013
0.265744
0.058444
0.028971
0.092347
0.097431
0.068924
0.103707
0.163166
0.016811
0.063433
0.026427
0.023000
0.033521
0.006721
0.015217
0.022964
0.049501
0.018123
0.048422
0.120813
0.015980
0.065612
0.252025
0.182428
0.069495
0.003910
0.025541
0.066293
0.073163
0.014550
0.082601
0.233309
0.022083
0.038670
0.139207
0.454676
0.026427
0.394697
0.059612
0.069568
0.024278
0.022006
0.072247
0.005332
0.112184
0.088766
0.129405
0.058819
0.149414
0.188537
0.030119
0.075827
0.018144
0.019999
0.044965
0.045849
0.021676
0.082848
0.131167
0.031629
0.085855
0.046375
0.162741
0.001555
0.045684
0.009925
0.029338
0.061201
0.020261
0.017232
0.120840
0.064056
0.080674
0.185304
0.032075
0.063673
0.053647
0.064063
0.081287
0.090072
0.080231
0.139842
0.080523
0.013607
0.098514
0.082191
0.024976
0.092813
0.075169
0.004606
0.036781
0.013387
0.126767
0.011384
0.020846
0.020451
0.094802
0.068515
0.059240
0.105903
0.071909
0.115735
0.024047
0.058801
0.006848
0.203312
0.011437
0.119281
0.011827
0.059992
0.041494
0.049912
0.095280
0.082096
0.114748
0.095385
0.028889
0.083751
0.191777
0.111845
0.107604
0.073993
0.040766
0.165690
0.105727
0.008666
0.031276
0.223117
0.015217
0.282093
0.060879
0.036478
0.015314
0.011846
0.034664
0.065290
0.025136
0.014373
0.153582
0.065826
0.006660
0.025232
0.361914
0.020930
0.023956
0.188623
0.028309
0.088186
0.018831
0.095418
0.045595
0.014180
0.142636
0.010030
0.013097
0.078250
0.086629
0.022459
0.312705
0.043849
0.153643
0.027130
0.150696
0.050340
0.011132
0.097534
0.036455
0.017851
0.019684
0.023568
0.057690
0.004624
0.056974
0.366126
0.011573
0.012779
0.103553
0.166201
0.037774
0.124365
0.169107
0.067956
0.152177
0.020126
0.050778
0.227603
0.099741
0.016574
0.013159
0.059351
0.031420
0.065651
0.022190
0.075149
0.087888
0.116130
0.054081
0.158791
0.041370
0.124557
0.033858
0.088341
0.006510
0.073724
0.360695
0.241288
0.085087
0.006850
0.047651
0.048866
0.026988
0.060768
0.018219
0.046238
0.007806
0.303003
0.147425
0.064374
0.124955
0.042269
0.031106
0.080555
0.017648
0.088023
0.122893
0.018738
0.055437
0.123426
0.087991
0.059755
0.164737
0.015102
0.085356
0.039812
0.014884
0.171041
0.078384
0.085529
0.061486
0.074828
0.014679
0.202799
0.221275
0.086234
0.016264
0.037816
0.011677
0.104611
0.075865
0.053808
0.050923
0.017186
0.046918
0.036693
0.144952
0.085395
0.003954
0.221189
0.069287
0.039192
0.016181
0.142937
0.031569
0.039489
0.015628
0.020331
0.002709
0.152473
0.433335
0.136197
0.006815
0.215575
0.034153
0.064912
0.010126
0.137935
0.052042
0.024142
0.025930
0.015885
0.163398
0.008518
0.009386
0.032415
0.051642
0.066094
0.034255
0.047220
0.043560
0.135860
0.126878
0.031187
0.135560
0.004976
0.089821
0.033130
0.001580
0.012729
0.189053
0.035793
0.006902
0.138516
0.013892
0.055793
0.076256
0.021760
0.028215
0.025274
0.051478
0.022271
0.048292
0.012816
0.143738
0.090290
0.037013
0.045551
0.096351
0.034893
0.026781
0.011155
0.157139
0.056926
0.032416
0.089819
0.006280
0.031246
0.155621
0.022656
0.009434
0.050941
0.104710
0.047585
0.041461
0.143649
0.002426
0.011570
0.039243
0.119093
0.014630
0.027061
0.037380
0.040151
0.124605
0.018649
0.027176
0.057049
0.101605
0.177128
0.062744
0.216263
0.018050
0.020788
0.132896
0.027513
0.388602
0.014834
0.058454
0.200518
0.019371
0.011188
0.116845
0.090852
0.119446
0.048340
0.185502
0.020193
0.049346
0.244588
0.040285
0.143563
0.027967
0.091740
0.015219
0.024974
0.021293
0.072301
0.063314
0.187351
0.020232
0.029965
0.184815
0.078852
0.016228
0.092105
0.005373
0.009744
0.136454
0.040113
0.075988
0.030434
0.026028
0.013282
0.038895
0.060039
0.011344
0.022099
0.098315
0.153228
0.077100
0.036187
0.055134
0.180796
0.051823
0.045662
0.157230
0.140456
0.229489
0.057976
0.218914
0.166268
0.027234
0.049195
0.005154
0.147564
0.011413
0.101180
0.214549
0.014157
0.230178
0.036146
0.104356
0.139046
0.007310
0.060220
0.060598
0.007373
0.032432
0.039607
0.013777
0.067596
0.017749
0.055653
0.002868
0.075733
0.016397
0.149599
0.020862
0.109617
0.009442
0.045895
0.107593
0.002409
0.034379
0.024923
0.098350
0.051998
0.044284
0.049384
0.083883
0.021073
0.012565
0.020838
0.162181
0.106145
0.248988
0.036721
0.046835
0.011922
0.026319
0.101299
0.024597
0.047006
0.001963
0.044481
0.077210
0.086453
0.002007
0.046731
0.111403
0.109502
0.070582
0.024399
0.008046
0.082650
0.018323
0.090978
0.030574
0.203222
0.107940
0.071255
0.084050
0.059501
0.030476
0.168805
0.021679
0.015065
0.027440
0.347475
0.118020
0.060856
0.090443
0.144272
0.031683
0.011879
0.135801
0.161593
0.041757
0.026585
0.022929
0.034593
0.017369
0.116277
0.014659
0.028286
0.019840
0.035468
0.034437
0.011857
0.095585
0.046704
0.025610
0.134646
0.059783
0.008519
0.007459
0.130653
0.034764
0.006160
0.106626
0.001087
0.050727
0.023989
0.053138
0.005333
0.034436
0.029790
0.011245
0.008061
0.026662
0.034391
0.102830
0.007630
0.063686
0.109736
0.015649
0.023692
0.051785
0.167127
0.017510
0.044302
0.007730
0.063202
0.041551
0.035716
0.113295
0.010083
0.219674
0.030379
0.016565
0.204721
0.123994
0.123902
0.042070
0.086551
0.084829
0.157748
0.007561
0.034894
0.043035
0.027715
0.025540
0.162626
0.010325
0.015915
0.021262
0.040075
0.202887
0.015009
0.068807
0.042913
0.016621
0.022573
0.106403
0.029438
0.038708
0.176531
0.130915
0.051402
0.063707
0.017880
0.105834
0.106522
0.099721
0.046794
0.062070
0.009062
0.039890
0.169704
0.077853
0.002893
0.179678
0.049758
0.031579
0.031424
0.023933
0.028652
0.058520
0.043931
0.033043
0.018538
0.162623
0.100602
0.009476
0.003425
0.031698
0.013281
0.014081
0.007017
0.023214
0.141481
0.056839
0.017839
0.040109
0.022275
0.125964
0.080532
0.167050
0.034864
0.238757
0.018265
0.023456
0.146715
0.039717
0.049635
0.006202
0.032100
0.020583
0.074497
0.077743
0.074895
0.034252
0.012973
0.002425
0.054657
0.074669
0.108167
0.053074
0.030066
0.097827
0.112007
0.007684
0.091373
0.022041
0.033954
0.023220
0.053653
0.024386
0.043885
0.059100
0.008184
0.022734
0.066226
0.083952
0.104267
0.012066
0.141201
0.057780
0.125819
0.072137
0.074098
0.199093
0.012934
0.045659
0.017530
0.057598
0.039143
0.007311
0.029528
0.127521
0.034445
0.005889
0.100887
0.115330
0.110047
0.092615
0.156510
0.027300
0.031455
0.065420
0.033775
0.008185
0.010719
0.226219
0.054635
0.140594
0.014812
0.097195
0.020956
0.141197
0.027363
0.026219
0.034340
0.049252
0.019335
0.105131
0.037787
0.128713
0.001948
0.050499
0.035047
0.030054
0.114125
0.154832
0.055469
0.035403
0.024225
0.059982
0.032314
0.041312
0.026954
0.127520
0.048672
0.028267
0.077982
0.038927
0.017789
0.030710
0.001331
0.103041
0.082422
0.015058
0.066225
0.003095
0.017768
0.009302
0.013851
0.032287
0.030031
0.126535
0.017520
0.206575
0.063871
0.053902
0.033002
0.043421
0.064780
0.105289
0.044519
0.102052
0.110695
0.101496
0.081864
0.009285
0.160843
0.097205
0.169713
0.174887
0.003507
0.014374
0.056465
0.072538
0.023675
0.023474
0.014776
0.013662
0.109919
0.122188
0.006874
0.004998
0.030632
0.025409
0.043034
0.207227
0.029371
0.032057
0.300582
0.084725
0.084337
0.002242
0.062068
0.074232
0.006647
0.108682
0.033543
0.003214
0.094127
0.171276
0.022650
0.020661
0.151146
0.010178
0.139322
0.046060
0.042730
0.026299
0.025713
0.007377
0.068566
0.027008
0.013097
0.037553
0.208030
0.027997
0.114981
0.005101
0.103698
0.233018
0.051952
0.019902
0.027659
0.057645
0.126739
0.414168
0.027180
0.079085
0.081726
0.012890
0.010935
0.051447
0.010452
0.005731
0.058219
0.151774
0.123323
0.101574
0.112175
0.040881
0.019207
0.040454
0.004795
0.019488
0.118652
0.102276
0.010073
0.021397
0.029352
0.066523
0.042474
0.003933
0.099375
0.089807
0.042334
0.101521
0.015917
0.031107
0.081757
0.081839
0.020343
0.016040
0.053882
0.020092
0.059329
0.005195
0.370938
0.020124
0.032641
0.052317
0.105667
0.086067
0.014593
0.020488
0.022930
0.014251
0.105994
0.073829
0.057574
0.014964
0.087516
0.023890
0.017744
0.105293
0.088690
0.008898
0.042777
0.012898
0.098633
0.011781
0.023384
0.060395
0.017068
0.056057
0.012184
0.156506
0.020996
0.007788
0.041891
0.073637
0.027742
0.287248
0.089280
0.067926
0.124692
0.075072
0.010803
0.095299
0.180721
0.047439
0.055814
0.179733
0.063189
0.092719
0.027827
0.049091
0.021700
0.010565
0.043642
0.054383
0.052460
0.030868
0.062281
0.025686
0.093295
0.223362
0.181145
0.069199
0.120110
0.035850
0.049485
0.005942
0.087893
0.014153
0.199779
0.009585
0.091712
0.045713
0.107177
0.071235
0.042052
0.010021
0.135705
0.152693
0.062370
0.063572
0.415428
0.017683
0.059078
0.147679
0.028227
0.050935
0.166655
0.169348
0.007439
0.012800
0.072375
0.086271
0.014172
0.009828
0.104021
0.185110
0.061770
0.246686
0.462418
0.184754
0.113862
0.019509
0.005181
0.011698
0.034504
0.104055
0.017262
0.078211
0.035791
0.010006
0.119058
0.180016
0.031440
0.046231
0.035602
0.001779
0.032633
0.005958
0.062394
0.038627
0.106449
0.094715
0.042326
0.009821
0.051163
0.043880
0.026110
0.040232
0.128818
0.010527
0.022055
0.040662
0.017849
0.071341
0.054881
0.032976
0.064850
0.023248
0.034990
0.067568
0.022152
0.021648
0.092771
0.143429
0.103479
0.090540
0.055326
0.193398
0.114249
0.041577
0.077998
0.014157
0.004753
0.018809
0.020387
0.027520
0.074425
0.062311
0.006945
0.085587
0.029547
0.059046
0.100114
0.162688
0.040892
0.124206
0.097649
0.024583
0.037870
0.089102
0.056000
0.062289
0.072776
0.152703
0.160980
0.018548
0.075508
0.007234
0.035327
0.020733
0.068261
0.009321
0.065909
0.127998
0.475186
0.026174
0.095218
0.026845
0.025816
0.128122
0.048073
0.039035
0.004363
0.028517
0.034650
0.114582
0.018304
0.034496
0.026901
0.071168
0.026565
0.070227
0.157194
0.006362
0.052335
0.044606
0.068942
0.052908
0.020406
0.110935
0.260870
0.066565
0.049690
0.085516
0.090801
0.017305
0.147342
0.037646
0.085787
0.056416
0.046452
0.045101
0.083930
0.053014
0.014321
0.063266
0.039561
0.045542
0.040619
0.012935
0.185206
0.001747
0.022946
0.050112
0.004289
0.004047
0.080020
0.079228
0.007668
0.145128
0.408412
0.023472
0.111278
0.003205
0.158802
0.021640
0.017180
0.018231
0.158612
0.099851
0.058200
0.095635
0.057396
0.078896
0.071828
0.129665
0.175575
0.065396
0.022012
0.071477
0.200387
0.123098
0.037614
0.093111
0.079855
0.028726
0.067436
0.090910
0.039461
0.015541
0.009127
0.043491
0.091466
0.019468
0.229767
0.038102
0.052238
0.013427
0.200312
0.096987
0.066524
0.006177
0.102381
0.041890
0.032984
0.004282
0.084659
0.011653
0.010341
0.032644
0.068638
0.122817
0.007522
0.036088
0.036443
0.056661
0.020683
0.003757
0.018225
0.033561
0.015799
0.054074
0.040350
0.044236
0.005392
0.150977
0.031359
0.012046
0.071776
0.067477
0.009868
0.020489
0.053404
0.006497
0.012448
0.060168
0.026826
0.007914
0.042840
0.004167
0.082817
0.051420
0.053895
0.022891
0.091900
0.025906
0.177358
0.020196
0.013050
0.017258
0.136660
0.025131
0.079811
0.073287
0.037300
0.009170
0.077950
0.116123
0.145072
0.025177
0.029855
0.024539
0.059965
0.032696
0.176597
0.096453
0.012033
0.153920
0.058043
0.009702
0.020300
0.099444
0.061443
0.039668
0.053460
0.184501
0.056063
0.011456
0.083600
0.006206
0.002240
0.014745
0.089090
0.217393
0.046991
0.127710
0.050942
0.119123
0.069095
0.025814
0.033887
0.058821
0.150466
0.110224
0.096906
0.054179
0.007923
0.023686
0.036454
0.050236
0.125668
0.075428
0.013020
0.138393
0.179902
0.109050
0.103648
0.111274
0.059633
0.124462
0.035121
0.019364
0.049214
0.028489
0.054610
0.054336
0.101358
0.052337
0.136315
0.008533
0.210370
0.012675
0.037690
0.122926
0.069304
0.087761
0.080862
0.099835
0.030757
0.153773
0.131880
0.050258
0.026063
0.018918
0.039531
0.023383
0.139065
0.009618
0.223000
0.037563
0.066606
0.164903
0.044419
0.119747
0.042437
0.033626
0.081657
0.031200
0.073377
0.121295
0.108548
0.026419
0.071287
0.050972
0.123765
0.109609
0.051526
0.047463
0.017851
0.002902
0.016238
0.051300
0.108496
0.034075
0.074510
0.234948
0.090737
0.060040
0.072810
0.032326
0.080316
0.117285
0.022691
0.061638
0.041502
0.030965
0.008360
0.014909
0.074280
0.011792
0.087687
0.130668
0.031488
0.058987
0.002443
0.486821
0.012095
0.036468
0.012632
0.072246
0.270873
0.072153
0.031954
0.074971
0.032232
0.041597
0.017223
0.206573
0.022028
0.036179
0.065839
0.082017
0.098235
0.052847
0.120057
0.038631
0.106123
0.106037
0.067749
0.008423
0.005658
0.006939
0.233706
0.046403
0.059669
0.025939
0.186067
0.035547
0.044974
0.007451
0.036554
0.089711
0.030619
0.019000
0.024861
0.018413
0.097416
0.203509
0.193673
0.154370
0.041269
0.036871
0.015309
0.031737
0.099546
0.023249
0.033836
0.028725
0.072806
0.086816
0.033463
0.042696
0.035901
0.183419
0.094897
0.084218
0.010629
0.107314
0.076303
0.161539
0.022103
0.032598
0.084143
0.143413
0.046213
0.353319
0.096258
0.092479
0.146063
0.033761
0.025890
0.012408
0.050559
0.033538
0.011889
0.071003
0.112216
0.179753
0.163071
0.218967
0.030026
0.010011
0.011210
0.060347
0.099675
0.010561
0.158185
0.111898
0.032235
0.027872
0.019916
0.014678
0.035685
0.052086
0.182920
0.031747
0.025563
0.099543
0.036084
0.025824
0.206647
0.054286
0.014989
0.116903
0.065205
0.006605
0.118641
0.047696
0.013439
0.010368
0.047077
0.050789
0.283500
0.017883
0.047436
0.074403
0.035004
0.569595
0.156559
0.143383
0.016226
0.221862
0.070934
0.008701
0.108521
0.008727
0.006849
0.136534
0.062498
0.038800
0.050138
0.011392
0.072476
0.132657
0.016371
0.126017
0.021559
0.012126
0.112642
0.154446
0.042434
0.074614
0.060647
0.081498
0.405652
0.054353
0.110393
0.022329
0.041040
0.044043
0.023346
0.023940
0.064163
0.012057
0.096228
0.154606
0.003142
0.211427
0.155990
0.048795
0.055101
0.212772
0.026437
0.034366
0.101540
0.007350
0.117420
0.081810
0.016215
0.064197
0.039035
0.078333
0.061412
0.078563
0.001941
0.009616
0.106951
0.156206
0.142598
0.022607
0.109895
0.040447
0.126642
0.035444
0.010630
0.034606
0.152932
0.237818
0.108659
0.129240
0.037886
0.086144
0.109392
0.031536
0.002020
0.008466
0.023630
0.021413
0.016627
0.010318
0.068536
0.090417
0.100338
0.016447
0.025426
0.008945
0.125036
0.029002
0.081958
0.293492
0.006500
0.078426
0.015477
0.043983
0.159178
0.128979
0.131852
0.027989
0.040113
0.045274
0.124030
0.519772
0.003525
0.015963
0.008071
0.212435
0.047954
0.016343
0.184025
0.053689
0.024616
0.094460
0.072725
0.060230
0.122655
0.010190
0.015273
0.279814
0.016847
0.116553
0.002803
0.026996
0.057495
0.077904
0.012019
0.026474
0.061438
0.012794
0.211631
0.013699
0.064293
0.004827
0.155427
0.051974
0.035340
0.389871
0.174995
0.136539
0.052944
0.065328
0.080240
0.027972
0.004916
0.080435
0.054343
0.058799
0.016945
0.003380
0.287370
0.230101
0.017812
0.032145
0.116573
0.055054
0.012561
0.076481
0.024573
0.081857
0.139474
0.087223
0.098828
0.109506
0.011203
0.028744
0.071138
0.219147
0.024414
0.005223
0.011188
0.110217
0.027010
0.017750
0.033683
0.105397
0.018623
0.093314
0.037128
0.162803
0.026928
0.003877
0.022019
0.124124
0.136246
0.075289
0.120108
0.077173
0.140164
0.052457
0.005537
0.055923
0.014261
0.099612
0.069802
0.023130
0.081874
0.198979
0.011385
0.155241
0.040246
0.320131
0.054380
0.107826
0.095862
0.066010
0.028114
0.193670
0.041856
0.038363
0.027291
0.026560
0.006753
0.119028
0.041686
0.063221
0.119755
0.037520
0.215766
0.142334
0.163447
0.008045
0.004284
0.251532
0.007170
0.006800
0.056517
0.008374
0.049869
0.065582
0.202828
0.144230
0.078958
0.057695
0.147444
0.030202
0.127922
0.008727
0.015647
0.037245
0.086145
0.101218
0.017736
0.023617
0.012876
0.045849
0.029816
0.116308
0.009169
0.009836
0.023443
0.308748
0.034860
0.018510
0.071815
0.076425
0.084784
0.025080
0.034990
0.015052
0.041502
0.007272
0.082314
0.049108
0.497291
0.059282
0.046132
0.066542
0.042965
0.041645
0.005252
0.029263
0.078446
0.149973
0.005630
0.055733
0.047934
0.005195
0.004906
0.058491
0.031543
0.003900
0.040949
0.008202
0.026640
0.086095
0.062846
0.081148
0.123858
0.031046
0.241510
0.026162
0.019374
0.003010
0.002320
0.023697
0.018837
0.067258
0.031958
0.047766
0.018546
0.019291
0.032553
0.042820
0.044397
0.145462
0.042669
0.015310
0.050184
0.041438
0.028339
0.043881
0.050656
0.094113
0.138774
0.055467
0.033366
0.042387
0.065164
0.007122
0.038682
0.012685
0.371021
0.172417
0.133861
0.033013
0.016517
0.063691
0.106324
0.029524
0.148365
0.045871
0.029568
0.127371
0.234267
0.061183
0.129586
0.372520
0.037810
0.116780
0.009251
0.054430
0.003349
0.028030
0.069394
0.150884
0.012735
0.016011
0.070075
0.032839
0.004828
0.030138
0.055759
0.033388
0.125579
0.172757
0.017980
0.023026
0.126560
0.185123
0.023236
0.094042
0.093437
0.022412
0.076557
0.011097
0.006786
0.019067
0.331770
0.214397
0.164831
0.050409
0.072322
0.019127
0.045950
0.026546
0.048335
0.485475
0.082556
0.097271
0.028923
0.057006
0.033094
0.055248
0.041964
0.090173
0.088209
0.191876
0.022903
0.085219
0.054898
0.111437
0.008558
0.003881
0.042747
0.051264
0.017646
0.051540
0.005822
0.086533
0.199311
0.044591
0.002892
0.025177
0.012549
0.076146
0.031363
0.009589
0.070803
0.064603
0.085558
0.030512
0.127343
0.014048
0.073339
0.201397
0.012789
0.051181
0.096736
0.010041
0.060170
0.139597
0.063344
0.155428
0.010787
0.066519
0.029944
0.041117
0.320716
0.108726
0.092021
0.054169
0.064295
0.005771
0.038517
0.018837
0.069617
0.071070
0.004171
0.091554
0.393048
0.052625
0.058129
0.011760
0.019184
0.059797
0.046634
0.086421
0.063227
0.069224
0.038040
0.039492
0.008614
0.043640
0.093484
0.001604
0.069835
0.005676
0.011265
0.022382
0.091750
0.025324
0.074489
0.017650
0.067947
0.027537
0.062205
0.108295
0.044707
0.036638
0.108525
0.003799
0.082801
0.036659
0.106992
0.058023
0.045379
0.153161
0.309107
0.011044
0.001419
0.045092
0.022902
0.083683
0.068417
0.049995
0.086026
0.039809
0.152166
0.024183
0.018744
0.004371
0.001957
0.047468
0.140004
0.013923
0.027820
0.067809
0.422391
0.248213
0.003565
0.006504
0.018067
0.114213
0.018257
0.080239
0.152798
0.010053
0.018182
0.033674
0.016212
0.269770
0.038687
0.139301
0.021447
0.009498
0.125473
0.044972
0.023536
0.209415
0.173092
0.021011
0.029244
0.043321
0.039375
0.078198
0.085328
0.055875
0.038759
0.069030
0.126314
0.273312
0.040527
0.099446
0.118339
0.015819
0.000906
0.029389
0.010366
0.017242
0.174878
0.040479
0.046015
0.001166
0.024208
0.046981
0.044236
0.023447
0.056812
0.011258
0.024067
0.017438
0.070859
0.079740
0.019649
0.169939
0.116173
0.097886
0.009444
0.029613
0.121703
0.094168
0.018845
0.082159
0.096227
0.004113
0.220991
0.210514
0.481455
0.006796
0.014501
0.004997
0.111977
0.052939
0.015730
0.046833
0.027841
0.049309
0.049673
0.068844
0.185046
0.102007
0.011566
0.014237
0.112788
0.034177
0.030341
0.130242
0.357528
0.016839
0.040470
0.040265
0.080588
0.049264
0.017357
0.109412
0.119449
0.089610
0.024351
0.003621
0.121101
0.135671
0.112962
0.049879
0.002512
0.050590
0.151641
0.004766
0.126236
0.113544
0.017711
0.242273
0.156667
0.084691
0.029482
0.078426
0.029483
0.429601
0.017759
0.212434
0.109256
0.064814
0.008386
0.065120
0.001243
0.017180
0.066748
0.020601
0.029704
0.010694
0.063343
0.016838
0.084106
0.029331
0.016834
0.424807
0.017100
0.299815
0.196713
0.189761
0.046831
0.245574
0.111331
0.019551
0.032511
0.013633
0.073200
0.024976
0.134671
0.008290
0.159847
0.011978
0.126557
0.022966
0.004573
0.061156
0.018326
0.019916
0.011464
0.024803
0.248871
0.028248
0.042402
0.023006
0.199941
0.037593
0.016850
0.038507
0.128288
0.033604
0.019920
0.017364
0.145412
0.012666
0.034997
0.147346
0.021340
0.011434
0.059676
0.118850
0.037739
0.239629
0.092361
0.061250
0.199220
0.098535
0.015792
0.073156
0.101393
0.023655
0.046717
0.146546
0.049535
0.114567
0.026637
0.047303
0.116348
0.034238
0.032196
0.004219
0.047525
0.077527
0.086452
0.016122
0.131441
0.074498
0.138190
0.059074
0.158287
0.199915
0.033861
0.009619
0.062516
0.008738
0.014610
0.008896
0.048168
0.149375
0.074076
0.038349
0.154340
0.025473
0.128496
0.071191
0.012898
0.011314
0.063580
0.046957
0.042480
0.052965
0.020744
0.061453
0.022718
0.008072
0.184738
0.162801
0.013055
0.131664
0.060086
0.014983
0.066440
0.033651
0.016427
0.088443
0.360184
0.341461
0.061259
0.027735
0.037840
0.042932
0.059642
0.044818
0.250596
0.050614
0.091571
0.014232
0.098260
0.008868
0.083767
0.020834
0.221241
0.009509
0.005272
0.073674
0.019990
0.025541
0.042248
0.212851
0.049512
0.013733
0.004795
0.041478
0.041705
0.199959
0.081108
0.045132
0.261757
0.054874
0.004175
0.046086
0.035282
0.021141
0.135566
0.032226
0.151344
0.138995
0.007833
0.039111
0.105901
0.004583
0.002069
0.008959
0.060931
0.076785
0.005535
0.034390
0.215798
0.162432
0.065713
0.015664
0.079273
0.127860
0.134053
0.012821
0.009194
0.039541
0.105053
0.022936
0.039598
0.074345
0.068153
0.075624
0.128831
0.010693
0.036403
0.044465
0.047626
0.197983
0.019367
0.063598
0.012339
0.032692
0.028151
0.209492
0.014695
0.049344
0.025090
0.010298
0.128652
0.102906
0.062600
0.050949
0.216233
0.036408
0.015568
0.053625
0.003252
0.004525
0.052074
0.050404
0.012092
0.194454
0.016878
0.038030
0.070322
0.107084
0.012574
0.022780
0.022578
0.048286
0.028097
0.165675
0.025016
0.150537
0.201742
0.205913
0.026638
0.093630
0.021941
0.096363
0.004433
0.115848
0.039524
0.059281
0.088805
0.040369
0.030566
0.012748
0.020254
0.049458
0.035102
0.007622
0.042549
0.048711
0.064612
0.035818
0.259727
0.050973
0.096299
0.016512
0.032221
0.231330
0.006989
0.039475
0.042152
0.068102
0.062186
0.050283
0.003925
0.033910
0.192689
0.005532
0.037870
0.008356
0.027926
0.015123
0.015117
0.016436
0.128046
0.065704
0.004472
0.027942
0.021844
0.028928
0.011078
0.015409
0.077148
0.058276
0.007719
0.035124
0.152162
0.017256
0.010092
0.009395
0.067991
0.021466
0.052553
0.157992
0.071843
0.018600
0.050337
0.032759
0.022781
0.004802
0.020059
0.029839
0.044862
0.035968
0.087556
0.060716
0.051626
0.022457
0.088586
0.023672
0.140869
0.092017
0.027194
0.016839
0.040507
0.075383
0.028258
0.046161
0.014648
0.140054
0.007684
0.130666
0.015025
0.055299
0.019396
0.076890
0.119006
0.019117
0.103197
0.128563
0.054577
0.009310
0.103835
0.036531
0.112676
0.005386
0.356036
0.101172
0.042397
0.079136
0.181476
0.011454
0.052825
0.041382
0.039279
0.069939
0.157897
0.096860
0.023484
0.338555
0.154888
0.049830
0.080852
0.035992
0.197919
0.008571
0.121817
0.214414
0.133611
0.058181
0.031133
0.036161
0.008976
0.019893
0.075986
0.080642
0.006899
0.105126
0.226663
0.138699
0.055811
0.092103
0.009951
0.085645
0.077862
0.104535
0.012448
0.216110
0.035652
0.200591
0.023236
0.005253
0.170138
0.088327
0.024468
0.032933
0.079835
0.022933
0.011019
0.219619
0.025937
0.027304
0.086097
0.030050
0.003616
0.028026
0.079644
0.026169
0.097251
0.116070
0.011930
0.133193
0.126104
0.087395
0.009902
0.093078
0.024967
0.005750
0.098499
0.106711
0.045983
0.022579
0.063188
0.051863
0.165750
0.089196
0.064574
0.025953
0.005108
0.076266
0.052634
0.060988
0.069637
0.029116
0.064908
0.353974
0.199063
0.110342
0.043001
0.202016
0.128718
0.126025
0.083825
0.046830
0.068285
0.066512
0.026595
0.148615
0.014323
0.097879
0.082178
0.003801
0.012067
0.064517
0.036242
0.075871
0.003258
0.069101
0.017078
0.174816
0.095499
0.044598
0.059327
0.130018
0.125471
0.030574
0.077128
0.007986
0.022653
0.041705
0.058488
0.061733
0.060423
0.262258
0.146736
0.031025
0.025762
0.087234
0.165723
0.016794
0.015632
0.023500
0.081923
0.020812
0.018997
0.035801
0.126189
0.063843
0.009038
0.077529
0.042046
0.082249
0.045037
0.151585
0.048838
0.012178
0.071134
0.003580
0.085650
0.041413
0.018236
0.122779
0.009078
0.302499
0.117699
0.013084
0.015929
0.059516
0.072626
0.020441
0.063287
0.048030
0.009070
0.012185
0.037294
0.158273
0.009426
0.071771
0.051112
0.027294
0.050066
0.086997
0.210306
0.032017
0.015639
0.028452
0.009426
0.201841
0.042605
0.017590
0.084086
0.011391
0.029646
0.023700
0.019004
0.012147
0.159610
0.151652
0.076047
0.055957
0.002888
0.014729
0.002383
0.033770
0.014648
0.008513
0.071383
0.086053
0.232923
0.064215
0.023082
0.069267
0.292236
0.186527
0.056693
0.088482
0.015127
0.076977
0.033055
0.144958
0.049178
0.077348
0.056256
0.040052
0.095450
0.077798
0.013729
0.034987
0.024066
0.009179
0.037359
0.079756
0.011436
0.001014
0.242114
0.032451
0.026548
0.054578
0.068330
0.058084
0.130784
0.051143
0.019587
0.029054
0.008913
0.002388
0.080214
0.014417
0.011718
0.055483
0.040636
0.064609
0.015636
0.016987
0.003271
0.064786
0.037070
0.236820
0.031442
0.072550
0.125896
0.051005
0.035059
0.188069
0.027275
0.024457
0.099930
0.225989
0.124292
0.093965
0.015197
0.016867
0.011686
0.100625
0.064475
0.168050
0.157145
0.014307
0.005331
0.115776
0.034899
0.129345
0.017304
0.001587
0.021543
0.021791
0.023395
0.076153
0.135091
0.045117
0.016228
0.023446
0.006609
0.002152
0.052483
0.004257
0.106204
0.107337
0.015183
0.080620
0.091521
0.119026
0.030390
0.423042
0.139376
0.129275
0.102961
0.128537
0.035856
0.009963
0.011352
0.029411
0.006939
0.027682
0.035137
0.034565
0.013130
0.060484
0.012256
0.087104
0.149548
0.013324
0.023161
0.015300
0.051328
0.045818
0.328412
0.028963
0.190751
0.052130
0.086426
0.042736
0.030913
0.228877
0.090588
0.021281
0.170662
0.029337
0.006165
0.131744
0.015913
0.017281
0.009095
0.011906
0.140186
0.044210
0.127302
0.175084
0.004318
0.010325
0.033646
0.045673
0.048237
0.072011
0.134128
0.033484
0.029653
0.075187
0.024245
0.039921
0.033577
0.006774
0.098575
0.013435
0.155508
0.090824
0.015705
0.071195
0.022600
0.069780
0.013594
0.048992
0.013941
0.001993
0.221475
0.005236
0.015214
0.035237
0.001339
0.173961
0.154482
0.005685
0.094639
0.110155
0.085322
0.008728
0.114613
0.059765
0.057137
0.029655
0.036404
0.097955
0.001943
0.018534
0.150248
0.006459
0.059193
0.068607
0.052418
0.108783
0.165143
0.032879
0.003468
0.014882
0.145953
0.037156
0.093229
0.079572
0.159992
0.120763
0.028429
0.139200
0.214445
0.169844
0.053256
0.041466
0.221082
0.127062
0.046005
0.062216
0.075118
0.087723
0.006492
0.092015
0.007502
0.189189
0.189672
0.106813
0.066785
0.091792
0.039732
0.098239
0.010300
0.063223
0.302788
0.006026
0.017997
0.007314
0.043160
0.183810
0.030780
0.197076
0.120404
0.036219
0.044495
0.082655
0.033892
0.047441
0.086184
0.016519
0.025934
0.043275
0.016320
0.118987
0.049305
0.062553
0.129494
0.010184
0.132031
0.140951
0.054371
0.008778
0.118124
0.140030
0.064194
0.026207
0.045654
0.082858
0.077036
0.093791
0.007042
0.010138
0.058974
0.002814
0.059243
0.093292
0.057029
0.031890
0.017828
0.008538
0.020180
0.042435
0.141878
0.181646
0.090628
0.105153
0.046761
0.042600
0.072970
0.174792
0.036968
0.023289
0.208188
0.091339
0.020106
0.125831
0.040396
0.053384
0.203482
0.027256
0.011227
0.025964
0.185040
0.082407
0.051796
0.121852
0.039692
0.016600
0.067548
0.132759
0.321432
0.155987
0.066429
0.032082
0.013439
0.046683
0.059829
0.150325
0.197370
0.010610
0.016436
0.018901
0.048343
0.032713
0.097613
0.066646
0.130784
0.030312
0.121111
0.033293
0.109507
0.165671
0.019081
0.118987
0.017926
0.019633
0.088876
0.068013
0.006442
0.063913
0.128753
0.027417
0.113014
0.012865
0.048732
0.017674
0.062550
0.088619
0.004874
0.011905
0.199153
0.040344
0.004724
0.210529
0.113081
0.209844
0.076210
0.047029
0.078107
0.028638
0.029230
0.030801
0.117696
0.186644
0.069181
0.158439
0.029230
0.138377
0.022683
0.011476
0.012686
0.154223
0.031156
0.115244
0.194610
0.082159
0.008519
0.084465
0.031039
0.027868
0.039606
0.025013
0.090436
0.057991
0.016414
0.028371
0.088228
0.046233
0.004341
0.136430
0.086570
0.069869
0.030171
0.031003
0.024763
0.006707
0.017815
0.019651
0.091813
0.003286
0.042962
0.344886
0.048240
0.219405
0.027828
0.110216
0.009097
0.017559
0.089479
0.075670
0.008540
0.013782
0.059255
0.051389
0.011749
0.022137
0.254246
0.015803
0.061580
0.007908
0.024836
0.007612
0.086756
0.051903
0.003798
0.022162
0.070634
0.033875
0.060248
0.059933
0.057166
0.017102
0.023995
0.125314
0.027213
0.050999
0.137023
0.037366
0.078034
0.120541
0.050791
0.218845
0.067596
0.002189
0.129018
0.027620
0.099538
0.067147
0.026411
0.117442
0.105438
0.013167
0.033548
0.047171
0.099888
0.019208
0.095221
0.027777
0.129281
0.131808
0.100911
0.008585
0.116803
0.011735
0.076269
0.058200
0.037870
0.363869
0.009977
0.005946
0.076771
0.048839
0.169861
0.026241
0.109353
0.031420
0.028181
0.003435
0.073525
0.057818
0.006920
0.023033
0.035871
0.078661
0.242393
0.036769
0.138459
0.113308
0.020214
0.035240
0.036034
0.029201
0.025174
0.141473
0.114911
0.067246
0.102205
0.137199
0.142921
0.117380
0.079403
0.015315
0.015652
0.064216
0.040348
0.040493
0.066482
0.016790
0.021464
0.016695
0.032781
0.060957
0.041699
0.020100
0.059145
0.109607
0.026139
0.240497
0.029286
0.075221
0.018780
0.039125
0.045107
0.037179
0.073260
0.035237
0.119695
0.086263
0.057235
0.019284
0.014326
0.140603
0.027620
0.027744
0.135956
0.042884
0.029693
0.048743
0.164877
0.014006
0.154155
0.188049
0.011604
0.108331
0.095160
0.049920
0.091796
0.039702
0.042255
0.048856
0.078095
0.055594
0.032122
0.036782
0.018193
0.171482
0.009012
0.010733
0.062663
0.216830
0.001348
0.144144
0.089885
0.137917
0.108642
0.142946
0.028049
0.068896
0.062977
0.009026
0.037556
0.079557
0.021830
0.054356
0.011385
0.060347
0.104665
0.007447
0.114125
0.009063
0.073002
0.091694
0.018959
0.078166
0.112169
0.015889
0.230689
0.021237
0.016487
0.209133
0.003886
0.061042
0.018719
0.009708
0.023649
0.351928
0.526264
0.018306
0.049608
0.015159
0.012235
0.029976
0.009729
0.023276
0.004589
0.300887
0.144592
0.164896
0.110003
0.104275
0.042433
0.062808
0.093585
0.009778
0.017557
0.024002
0.062153
0.014601
0.040771
0.205475
0.045097
0.024366
0.050770
0.046491
0.060432
0.020692
0.086783
0.022996
0.011603
0.080385
0.058902
0.018520
0.009108
0.042976
0.029750
0.044590
0.284307
0.058653
0.008252
0.103075
0.081965
0.003562
0.087746
0.115380
0.019055
0.055368
0.112242
0.038096
0.008399
0.070599
0.038414
0.049253
0.032399
0.134351
0.025949
0.013138
0.011440
0.048291
0.042999
0.011197
0.036929
0.118808
0.150850
0.054218
0.077476
0.047553
0.177890
0.031189
0.010507
0.055171
0.105194
0.076033
0.008583
0.025345
0.194129
0.085511
0.057191
0.023416
0.099762
0.010277
0.008051
0.010000
0.100915
0.094733
0.171559
0.067404
0.049858
0.025674
0.012310
0.069394
0.018176
0.115931
0.042583
0.310741
0.015307
0.073633
0.120276
0.056917
0.068311
0.193469
0.055557
0.095233
0.138083
0.098913
0.057661
0.065979
0.025647
0.065931
0.149781
0.042278
0.056313
0.072782
0.319711
0.133948
0.043617
0.034190
0.233370
0.101674
0.093379
0.105792
0.014674
0.035058
0.136414
0.014101
0.036833
0.012009
0.017365
0.006768
0.172727
0.018089
0.062781
0.002393
0.096872
0.032581
0.069985
0.004837
0.034470
0.086777
0.103387
0.095029
0.081182
0.006276
0.078921
0.117253
0.007937
0.038344
0.069782
0.007358
0.025616
0.098821
0.247108
0.049562
0.135908
0.075422
0.016409
0.136341
0.063945
0.579469
0.012068
0.015920
0.107840
0.170416
0.013667
0.025784
0.019844
0.153665
0.030827
0.113735
0.054600
0.149887
0.074358
0.069399
0.062808
0.035963
0.014677
0.035169
0.063972
0.082643
0.101585
0.051750
0.121636
0.201944
0.010137
0.041212
0.029365
0.159267
0.179353
0.015768
0.026373
0.087518
0.027699
0.025572
0.003487
0.171601
0.009954
0.067860
0.091064
0.017658
0.042027
0.014477
0.158109
0.045080
0.104578
0.028039
0.003954
0.112633
0.085932
0.126343
0.005034
0.443573
0.014011
0.014907
0.006037
0.024960
0.035054
0.117714
0.064129
0.116389
0.008660
0.042861
0.042876
0.098865
0.081889
0.102873
0.022737
0.127429
0.012003
0.188444
0.010180
0.056804
0.049739
0.043735
0.028883
0.026105
0.088303
0.136305
0.001902
0.030427
0.092692
0.014257
0.127580
0.041407
0.068881
0.010126
0.025336
0.013993
0.057504
0.063692
0.024244
0.134140
0.051267
0.158310
0.128346
0.026526
0.183516
0.038317
0.037203
0.081302
0.083373
0.012104
0.024748
0.052065
0.037477
0.037528
0.153225
0.151381
0.033491
0.043371
0.061717
0.002537
0.044626
0.029981
0.019544
0.030924
0.051274
0.019199
0.043086
0.083068
0.046911
0.068590
0.099088
0.054574
0.008371
0.016168
0.078370
0.034417
0.079786
0.375170
0.002678
0.073103
0.196931
0.219825
0.025652
0.010560
0.036920
0.015317
0.005774
0.006851
0.065109
0.072237
0.046622
0.055164
0.008233
0.067749
0.007935
0.118952
0.045273
0.036420
0.035968
0.002823
0.137013
0.001882
0.025534
0.006688
0.044991
0.136993
0.066887
0.010477
0.069162
0.049187
0.023922
0.084170
0.029479
0.028299
0.164575
0.009995
0.136302
0.006648
0.005293
0.236217
0.131321
0.045411
0.077583
0.030291
0.051765
0.014516
0.066172
0.053494
0.124715
0.078471
0.024903
0.018875
0.007618
0.004032
0.088791
0.003191
0.014312
0.074070
0.017840
0.087319
0.034407
0.073536
0.058465
0.097562
0.049526
0.165226
0.148227
0.125436
0.092142
0.238117
0.052903
0.007683
0.008983
0.029581
0.127496
0.326014
0.114812
0.008163
0.118845
0.106373
0.024781
0.030720
0.136129
0.223706
0.170753
0.031601
0.017176
0.119941
0.059664
0.009765
0.027927
0.031796
0.101296
0.202624
0.072520
0.074094
0.018495
0.168319
0.006541
0.043791
0.096904
0.007921
0.009050
0.034520
0.053564
0.151136
0.171988
0.025937
0.198167
0.065148
0.051481
0.015579
0.013562
0.023921
0.024441
0.154770
0.010064
0.074796
0.040352
0.162045
0.076037
0.034518
0.059482
0.046565
0.041038
0.009253
0.039316
0.039827
0.065335
0.090421
0.062411
0.005384
0.088324
0.132762
0.160927
0.021886
0.051702
0.019341
0.006427
0.117540
0.057381
0.149403
0.043503
0.069067
0.205799
0.085257
0.383195
0.011069
0.085014
0.074266
0.023449
0.077774
0.018816
0.040098
0.034673
0.024328
0.041303
0.004749
0.036822
0.058329
0.002527
0.003486
0.061563
0.012414
0.079219
0.081467
0.074290
0.165473
0.037180
0.009355
0.037516
0.087949
0.021004
0.068971
0.127235
0.029037
0.064286
0.046672
0.140544
0.013531
0.004894
0.032305
0.043193
0.052387
0.024007
0.151637
0.100784
0.055737
0.136783
0.090207
0.191840
0.171763
0.033962
0.096314
0.003593
0.064464
0.036714
0.081008
0.061746
0.108774
0.104632
0.062036
0.027307
0.017980
0.090744
0.081180
0.176215
0.040258
0.087180
0.161396
0.050100
0.037397
0.140465
0.030871
0.069576
0.075959
0.058863
0.257031
0.040199
0.296656
0.024083
0.019816
0.397606
0.066256
0.125767
0.076718
0.052605
0.008523
0.061611
0.045296
0.058036
0.005810
0.031021
0.061781
0.051172
0.086976
0.158988
0.016122
0.029818
0.007964
0.043831
0.151740
0.114467
0.491573
0.012250
0.127546
0.100799
0.031956
0.462741
0.007031
0.024322
0.008970
0.029802
0.105528
0.054506
0.089234
0.246592
0.020523
0.306121
0.120562
0.017258
0.172187
0.045405
0.010487
0.079359
0.233971
0.087579
0.025234
0.192355
0.017300
0.212223
0.022032
0.002684
0.020862
0.138021
0.007758
0.095616
0.097062
0.035149
0.150443
0.081020
0.059428
0.136815
0.050746
0.069833
0.140767
0.066575
0.002184
0.033035
0.040140
0.064513
0.059927
0.015855
0.025131
0.029777
0.015519
