0.163146
0.040982
0.089884
0.076983
0.047209
0.076386
0.195070
0.010586
0.044383
0.016758
0.086947
0.065774
0.049120
0.197940
0.289078
0.063534
0.041268
0.002245
0.144619
0.038221
0.030937
0.055310
0.049035
0.033423
0.006773
0.068707
0.035412
0.008683
0.201815
0.068725
0.040330
0.116294
0.018144
0.077354
0.081734
0.011495
0.065345
0.009811
0.073951
0.005131
0.128445
0.004282
0.141779
0.005126
0.261216
0.133075
0.228103
0.045933
0.006094
0.152634
0.003489
0.073750
0.003095
0.009595
0.099780
0.005908
0.068538
0.222222
0.098680
0.146666
0.035110
0.006677
0.043487
0.017074
0.030265
0.178189
0.050913
0.026826
0.033544
0.021148
0.011712
0.069400
0.105090
0.146481
0.049857
0.091649
0.066605
0.140804
0.019717
0.159151
0.005643
0.366363
0.013454
0.174038
0.079743
0.135918
0.148276
0.004306
0.085811
0.046837
0.103879
0.137986
0.070530
0.014534
0.083300
0.187471
0.128213
0.007933
0.014467
0.011003
0.006141
0.169862
0.141084
0.138546
0.193879
0.077638
0.029760
0.010694
0.003789
0.047074
0.023361
0.024021
0.085819
0.118020
0.089742
0.077150
0.004685
0.083252
0.198638
0.017857
0.030607
0.147692
0.060631
0.023683
0.265485
0.319515
0.069402
0.061807
0.085570
0.006892
0.045984
0.118986
0.050130
0.120231
0.096216
0.005806
0.022896
0.086021
0.177100
0.232674
0.064833
0.128657
0.035166
0.051963
0.021432
0.058678
0.027200
0.105923
0.003771
0.006030
0.015827
0.036680
0.040668
0.004993
0.022480
0.122513
0.024960
0.060581
0.052838
0.055007
0.045003
0.007076
0.147595
0.046667
0.020415
0.015084
0.078839
0.104153
0.126734
0.087379
0.008516
0.157282
0.003293
0.122938
0.179394
0.056578
0.079114
0.069382
0.014803
0.106796
0.030288
0.110911
0.113332
0.087297
0.013141
0.161647
0.006512
0.069971
0.084844
0.174730
0.062597
0.130566
0.148520
0.010311
0.029261
0.059019
0.052203
0.031533
0.063219
0.022828
0.061675
0.013068
0.020177
0.039497
0.037649
0.078854
0.005096
0.114977
0.217197
0.096700
0.145260
0.045159
0.104848
0.016923
0.110368
0.031785
0.028040
0.186443
0.013649
0.073642
0.083871
0.170892
0.121244
0.131844
0.015491
0.028195
0.041147
0.189288
0.033578
0.073950
0.007166
0.199020
0.033174
0.062331
0.119572
0.038237
0.028831
0.021342
0.061812
0.073860
0.010820
0.068111
0.111767
0.009710
0.004885
0.186126
0.010591
0.206053
0.032393
0.033421
0.007061
0.030349
0.035108
0.044496
0.010139
0.255957
0.029638
0.032652
0.060907
0.008450
0.001672
0.215068
0.167127
0.043899
0.093241
0.031064
0.078474
0.246690
0.187924
0.058712
0.093382
0.067803
0.041788
0.029201
0.172462
0.108080
0.147731
0.010576
0.244007
0.016061
0.078018
0.030931
0.005312
0.047286
0.140224
0.057240
0.029639
0.047490
0.024155
0.067919
0.010828
0.129544
0.064151
0.085254
0.013058
0.067186
0.053651
0.001321
0.020012
0.056445
0.112334
0.133012
0.035468
0.037514
0.110049
0.307180
0.012115
0.016100
0.060813
0.049238
0.048518
0.024701
0.134525
0.001885
0.032737
0.101955
0.153781
0.007627
0.014336
0.009454
0.062773
0.087705
0.060564
0.106196
0.178085
0.015224
0.045639
0.072232
0.068302
0.224475
0.192802
0.029793
0.035691
0.143874
0.011132
0.025402
0.013074
0.073146
0.075025
0.183127
0.013527
0.005410
0.119361
0.055110
0.150075
0.125053
0.010887
0.011983
0.097625
0.055929
0.086078
0.016497
0.120631
0.034001
0.063365
0.051995
0.120692
0.075143
0.080043
0.005052
0.061523
0.029469
0.189197
0.195042
0.147976
0.069627
0.008158
0.036718
0.034082
0.063972
0.087532
0.054441
0.113265
0.061417
0.092017
0.069127
0.179665
0.146355
0.208516
0.027747
0.006226
0.029500
0.017087
0.080631
0.094340
0.015105
0.025309
0.084760
0.050237
0.153764
0.056513
0.217279
0.012231
0.064848
0.011387
0.028619
0.052153
0.213155
0.183274
0.084448
0.110848
0.002406
0.015864
0.007644
0.047918
0.017909
0.014324
0.059266
0.057933
0.074724
0.009137
0.120095
0.070388
0.057381
0.007303
0.001333
0.157759
0.089576
0.132812
0.018750
0.045320
0.012664
0.015875
0.014559
0.078511
0.042543
0.016624
0.210899
0.076135
0.050498
0.040381
0.075275
0.077832
0.003163
0.010950
0.051169
0.360881
0.093153
0.101076
0.067700
0.251892
0.017145
0.064469
0.146583
0.041216
0.033056
0.009038
0.012096
0.073640
0.039043
0.023799
0.085295
0.015363
0.054762
0.047764
0.168665
0.061547
0.045943
0.010569
0.060055
0.017331
0.005696
0.156902
0.090350
0.060278
0.047452
0.039967
0.068770
0.146336
0.106904
0.027791
0.055010
0.045678
0.163226
0.118709
0.012143
0.087656
0.164723
0.008897
0.049640
0.043150
0.012300
0.104424
0.018032
0.027188
0.008653
0.133520
0.037189
0.066524
0.055461
0.001759
0.036014
0.057503
0.109138
0.063171
0.008904
0.075418
0.010963
0.330312
0.365924
0.043004
0.141213
0.007231
0.051047
0.034115
0.109597
0.157610
0.079681
0.064709
0.159540
0.075192
0.005180
0.026413
0.123971
0.003037
0.122551
0.148146
0.080041
0.112931
0.014262
0.097138
0.007077
0.107269
0.064695
0.101683
0.006895
0.061188
0.072343
0.017658
0.072093
0.155379
0.072186
0.141169
0.199200
0.016285
0.243139
0.060064
0.214919
0.036861
0.004995
0.006344
0.067210
0.112122
0.009776
0.072894
0.019760
0.220342
0.054332
0.005820
0.006539
0.058428
0.019337
0.267842
0.058122
0.010051
0.093188
0.019485
0.003918
0.142857
0.057516
0.001847
0.139428
0.096995
0.063676
0.193363
0.071427
0.154545
0.005048
0.041315
0.240299
0.023513
0.060176
0.046538
0.073792
0.311695
0.008609
0.068094
0.092328
0.028760
0.011835
0.072115
0.057082
0.169316
0.100690
0.117237
0.181553
0.042911
0.020560
0.027142
0.034623
0.087575
0.068484
0.055075
0.031875
0.029248
0.052520
0.110027
0.024668
0.166950
0.012010
0.049454
0.043965
0.043431
0.002142
0.090554
0.205878
0.143115
0.059019
0.042663
0.021765
0.040980
0.052919
0.021053
0.058257
0.056791
0.089390
0.018331
0.016037
0.103643
0.054281
0.023439
0.246915
0.081275
0.006809
0.047009
0.222084
0.060635
0.011319
0.033285
0.089848
0.030891
0.048554
0.153825
0.107885
0.041111
0.025987
0.002931
0.010729
0.067049
0.097970
0.111445
0.004309
0.372335
0.198991
0.031609
0.048212
0.023588
0.020898
0.016646
0.008792
0.091469
0.275143
0.058279
0.088142
0.081746
0.010212
0.226571
0.066894
0.042855
0.038005
0.152198
0.024103
0.090405
0.049812
0.002907
0.067464
0.016622
0.032497
0.087948
0.081189
0.052472
0.074596
0.153379
0.009135
0.004089
0.010099
0.033152
0.184059
0.207576
0.028071
0.030387
0.136831
0.082457
0.033348
0.105992
0.043126
0.001997
0.075568
0.049504
0.131198
0.263081
0.084655
0.170207
0.121328
0.036270
0.042057
0.055895
0.081652
0.071313
0.229414
0.219741
0.045348
0.138664
0.081474
0.035966
0.126139
0.012864
0.075403
0.048166
0.030861
0.116472
0.026392
0.162927
0.012943
0.040287
0.052621
0.071855
0.128860
0.008634
0.026843
0.006190
0.069123
0.033673
0.005628
0.013446
0.137352
0.078487
0.165533
0.200274
0.142817
0.013129
0.008671
0.207459
0.130624
0.023742
0.187661
0.015645
0.015870
0.481145
0.038659
0.007605
0.080717
0.133723
0.123943
0.011005
0.044066
0.019510
0.064968
0.170741
0.018233
0.092030
0.033619
0.171048
0.011833
0.011152
0.019075
0.040173
0.088862
0.127745
0.215363
0.086083
0.009793
0.014819
0.005058
0.068612
0.034891
0.009194
0.084238
0.005062
0.159902
0.052176
0.040430
0.047441
0.013144
0.045764
0.007218
0.220863
0.231665
0.064835
0.044554
0.162066
0.058217
0.167974
0.072922
0.072474
0.021704
0.079781
0.057549
0.107761
0.005423
0.004020
0.078559
0.005431
0.016964
0.016108
0.004152
0.007220
0.032970
0.042584
0.041246
0.018710
0.018727
0.032660
0.078067
0.140506
0.072629
0.099827
0.024387
0.001897
0.159003
0.079636
0.007890
0.091366
0.159276
0.056542
0.080949
0.061339
0.067449
0.068931
0.040197
0.039862
0.008586
0.119130
0.029938
0.025548
0.074722
0.082248
0.043290
0.009082
0.154283
0.235491
0.011409
0.057749
0.142697
0.148343
0.189698
0.006502
0.018824
0.059456
0.091600
0.054158
0.011107
0.158837
0.051150
0.005252
0.080303
0.043749
0.012248
0.104040
0.123214
0.004674
0.022607
0.358834
0.003247
0.114983
0.021611
0.085635
0.143890
0.008386
0.211057
0.057525
0.012751
0.049013
0.040077
0.006855
0.044999
0.154960
0.017783
0.031870
0.054114
0.006968
0.337251
0.137074
0.001590
0.056780
0.109226
0.303227
0.137279
0.107594
0.189250
0.020208
0.020671
0.106984
0.047844
0.045647
0.009945
0.009014
0.061969
0.080348
0.033572
0.124330
0.033959
0.049950
0.038964
0.162111
0.019149
0.025137
0.038351
0.015643
0.205807
0.051785
0.004176
0.024292
0.002952
0.033982
0.048080
0.069381
0.048558
0.018091
0.003091
0.202175
0.154366
0.013260
0.045076
0.043567
0.027042
0.114742
0.082910
0.071361
0.086743
0.056463
0.016797
0.032984
0.106934
0.012949
0.119369
0.045099
0.053918
0.097387
0.192087
0.080812
0.105424
0.057482
0.003513
0.075656
0.140994
0.035332
0.010861
0.102964
0.080056
0.041191
0.204322
0.129044
0.096942
0.012380
0.021554
0.018673
0.062749
0.004499
0.040489
0.061440
0.066334
0.026131
0.005165
0.056403
0.039309
0.129222
0.093813
0.266797
0.219367
0.063922
0.098525
0.133139
0.154725
0.107966
0.093588
0.127583
0.167804
0.012023
0.061193
0.007649
0.090411
0.067363
0.166770
0.007667
0.029849
0.094448
0.007666
0.169012
0.174336
0.075415
0.048180
0.100095
0.232231
0.035945
0.155200
0.064326
0.004992
0.125053
0.109090
0.018502
0.071512
0.166110
0.006685
0.213426
0.007414
0.074261
0.073339
0.139370
0.002391
0.085650
0.066730
0.078543
0.008143
0.149635
0.117758
0.067072
0.020266
0.067996
0.013140
0.019798
0.037929
0.181810
0.009724
0.049742
0.206917
0.100337
0.039126
0.017700
0.177367
0.038862
0.174473
0.039473
0.058044
0.004833
0.114586
0.145456
0.004352
0.067467
0.066406
0.036978
0.086139
0.136275
0.088425
0.033065
0.204259
0.098081
0.113364
0.010791
0.081730
0.115527
0.016085
0.016594
0.058849
0.247493
0.128123
0.030656
0.082851
0.126168
0.019022
0.044410
0.196844
0.053675
0.317379
0.002635
0.039327
0.084527
0.016012
0.021447
0.152673
0.013667
0.050046
0.118955
0.088674
0.143842
0.012974
0.005520
0.177039
0.048852
0.451368
0.058813
0.029916
0.013860
0.028478
0.006417
0.086850
0.037868
0.030865
0.149751
0.207539
0.035991
0.053483
0.142700
0.039593
0.056128
0.020803
0.027097
0.016300
0.004042
0.211751
0.109266
0.291666
0.005204
0.026845
0.166544
0.096054
0.117712
0.022538
0.089276
0.020602
0.075365
0.167766
0.009530
0.056867
0.019541
0.186216
0.040643
0.007240
0.013003
0.004879
0.130466
0.075721
0.034351
0.068508
0.066144
0.013682
0.052725
0.041577
0.090359
0.230691
0.199930
0.140626
0.024991
0.073920
0.183925
0.016145
0.184824
0.100174
0.038704
0.089711
0.019630
0.016811
0.091707
0.009021
0.407537
0.037227
0.143023
0.145527
0.030950
0.016898
0.069105
0.034696
0.011415
0.120500
0.418555
0.060603
0.073819
0.006174
0.100082
0.176990
0.091667
0.021730
0.122847
0.009808
0.068115
0.014656
0.052322
0.003046
0.020686
0.009053
0.199812
0.050600
0.009352
0.010573
0.011428
0.052128
0.042226
0.030048
0.003957
0.002012
0.151234
0.026097
0.132597
0.140087
0.172559
0.013436
0.078447
0.023029
0.068678
0.034622
0.043139
0.084228
0.129158
0.075505
0.031472
0.031374
0.090956
0.015104
0.017238
0.076716
0.012192
0.110601
0.009410
0.046197
0.100381
0.082308
0.139344
0.022098
0.066657
0.020819
0.004988
0.048489
0.049273
0.067500
0.060388
0.096264
0.027266
0.007497
0.009654
0.020036
0.087513
0.023986
0.057066
0.062375
0.049798
0.187153
0.059558
0.008200
0.221012
0.089808
0.083212
0.321155
0.148014
0.040593
0.045518
0.021476
0.007639
0.029700
0.076753
0.389161
0.013782
0.062864
0.126555
0.061885
0.014827
0.117243
0.201145
0.022421
0.056891
0.023174
0.008723
0.121422
0.054990
0.040256
0.013406
0.041329
0.058141
0.020164
0.121268
0.029402
0.045479
0.194210
0.003835
0.074998
0.044185
0.023581
0.086904
0.046299
0.014187
0.083441
0.152904
0.022420
0.146873
0.226394
0.380664
0.028145
0.341563
0.069763
0.103968
0.096172
0.018966
0.084034
0.008602
0.074581
0.028457
0.072572
0.058645
0.047057
0.207422
0.059929
0.074455
0.010519
0.011030
0.039633
0.029052
0.054850
0.014938
0.111895
0.004382
0.068451
0.063026
0.056394
0.008430
0.145230
0.011813
0.004594
0.022988
0.065092
0.159615
0.072643
0.072002
0.009049
0.064393
0.008901
0.070734
0.040268
0.130492
0.090651
0.030842
0.026282
0.043421
0.082649
0.011669
0.076436
0.068625
0.051876
0.089433
0.014721
0.033828
0.099186
0.024722
0.054195
0.007499
0.009828
0.033787
0.125140
0.058192
0.132677
0.074569
0.126452
0.103866
0.059274
0.005684
0.032882
0.086511
0.001319
0.003878
0.039201
0.010223
0.024421
0.061005
0.017183
0.050579
0.073607
0.056765
0.070371
0.057013
0.079659
0.159369
0.099607
0.029254
0.075637
0.153963
0.120338
0.088922
0.012420
0.236100
0.099338
0.167023
0.013260
0.088203
0.106853
0.063753
0.026498
0.134584
0.040715
0.031942
0.198431
0.016539
0.016228
0.105032
0.298365
0.004682
0.016673
0.207493
0.064644
0.093547
0.124793
0.122202
0.199095
0.049727
0.166510
0.013310
0.066285
0.111535
0.034108
0.034810
0.135015
0.064968
0.149275
0.052083
0.024665
0.083874
0.004987
0.109015
0.015347
0.016706
0.052845
0.058862
0.141432
0.025025
0.037866
0.387325
0.012362
0.020966
0.006922
0.179062
0.110312
0.020796
0.225654
0.027611
0.131156
0.042360
0.122145
0.167801
0.162877
0.033155
0.068117
0.005143
0.036600
0.163261
0.015444
0.081941
0.038500
0.115288
0.012951
0.189022
0.100605
0.025079
0.035854
0.010225
0.041249
0.102524
0.272302
0.219360
0.049190
0.029704
0.061642
0.040833
0.043000
0.004314
0.061039
0.034615
0.008698
0.190842
0.155319
0.177671
0.118967
0.020756
0.011719
0.089043
0.013516
0.040764
0.018468
0.010652
0.043157
0.077818
0.094118
0.006363
0.163043
0.033970
0.118738
0.143595
0.010841
0.182626
0.160564
0.003740
0.106060
0.057135
0.092738
0.205301
0.130173
0.208735
0.100783
0.061193
0.072614
0.045177
0.027993
0.072854
0.067371
0.005794
0.025207
0.015961
0.150936
0.109770
0.003421
0.135613
0.032111
0.033454
0.012389
0.018229
0.054461
0.045853
0.042472
0.010843
0.054164
0.134212
0.297099
0.150853
0.009580
0.220794
0.146996
0.083041
0.007042
0.092309
0.101397
0.015184
0.080457
0.041780
0.187644
0.046184
0.141102
0.024045
0.005793
0.072314
0.051574
0.077462
0.132258
0.144674
0.041200
0.070438
0.180671
0.043045
0.094060
0.271705
0.004031
0.020357
0.087385
0.088538
0.006904
0.146535
0.004823
0.057670
0.107871
0.027649
0.056972
0.020183
0.083115
0.056070
0.062126
0.076912
0.164222
0.041873
0.058408
0.050406
0.109006
0.022983
0.162949
0.101141
0.096179
0.051920
0.104986
0.088771
0.005621
0.142728
0.316964
0.021540
0.051834
0.090062
0.100729
0.026222
0.068584
0.244285
0.074130
0.014639
0.047565
0.015135
0.015217
0.007251
0.144529
0.061040
0.051344
0.010008
0.004798
0.049060
0.049882
0.050996
0.032203
0.176982
0.022631
0.021325
0.102009
0.045980
0.271887
0.027894
0.006858
0.183232
0.066847
0.008246
0.034145
0.010893
0.152020
0.029471
0.106776
0.028368
0.084853
0.218234
0.012966
0.207920
0.049237
0.114950
0.068413
0.039427
0.015261
0.019756
0.104567
0.101243
0.020940
0.010562
0.133722
0.083853
0.002700
0.034696
0.068396
0.078628
0.175107
0.082220
0.083304
0.039342
0.043906
0.035923
0.037383
0.033280
0.012126
0.096208
0.059472
0.111113
0.084995
0.037696
0.023104
0.218730
0.015721
0.028404
0.062259
0.034188
0.155618
0.058420
0.218663
0.112360
0.047553
0.121059
0.002423
0.148731
0.009806
0.004913
0.031775
0.021094
0.190439
0.076060
0.075984
0.142659
0.007772
0.012544
0.120580
0.015884
0.027736
0.027513
0.008447
0.074718
0.047914
0.034486
0.000894
0.044077
0.013386
0.006803
0.021668
0.040218
0.035501
0.096091
0.091195
0.012757
0.035653
0.019373
0.034062
0.254011
0.086924
0.100781
0.064046
0.030641
0.058983
0.135959
0.239587
0.113865
0.095544
0.067713
0.038525
0.047474
0.027572
0.093763
0.089892
0.089227
0.010326
0.016133
0.019685
0.016179
0.087203
0.211548
0.079131
0.130316
0.078125
0.041893
0.013084
0.178861
0.015673
0.011422
0.024521
0.207454
0.056298
0.053564
0.210465
0.111252
0.132440
0.216380
0.037618
0.106518
0.099132
0.200594
0.051601
0.128749
0.061270
0.069147
0.061916
0.072748
0.059883
0.160697
0.046949
0.004383
0.200953
0.067030
0.035134
0.107145
0.014809
0.118038
0.024934
0.016330
0.009244
0.017486
0.013169
0.029162
0.032413
0.014868
0.110885
0.002693
0.034061
0.117658
0.108971
0.038784
0.049556
0.009549
0.048643
0.006536
0.012505
0.008384
0.109197
0.061447
0.005581
0.001682
0.120695
0.043571
0.036900
0.024662
0.114586
0.050587
0.037504
0.029380
0.266302
0.040041
0.011734
0.077381
0.029105
0.155106
0.015263
0.007149
0.081043
0.035107
0.019144
0.045791
0.063862
0.027943
0.215586
0.086342
0.087358
0.139769
0.175953
0.043401
0.001481
0.059853
0.064677
0.010662
0.059515
0.003079
0.041113
0.005666
0.056091
0.009984
0.210259
0.006531
0.103733
0.007843
0.031066
0.067314
0.018292
0.069124
0.092532
0.192127
0.145365
0.016612
0.005180
0.023866
0.010013
0.096709
0.121923
0.014648
0.041266
0.027818
0.018169
0.002324
0.054958
0.018222
0.212120
0.066486
0.036001
0.094629
0.013444
0.033512
0.070706
0.011270
0.133705
0.066622
0.156106
0.125619
0.012789
0.055539
0.061218
0.006451
0.024104
0.084190
0.014293
0.083489
0.118106
0.006055
0.002514
0.075851
0.005551
0.008881
0.185874
0.067381
0.152620
0.017932
0.057824
0.063543
0.020377
0.027608
0.009081
0.074653
0.078345
0.128826
0.038298
0.026967
0.079865
0.012706
0.140403
0.055713
0.047222
0.056300
0.010266
0.076288
0.119626
0.038954
0.004890
0.032749
0.044282
0.026351
0.025994
0.055600
0.077448
0.013509
0.073951
0.029229
0.066791
0.041411
0.067687
0.045165
0.081214
0.188148
0.062709
0.002317
0.141656
0.005977
0.155523
0.014617
0.035883
0.004155
0.118782
0.011761
0.001025
0.108229
0.165037
0.017197
0.034463
0.026495
0.110514
0.182980
0.092443
0.178263
0.019923
0.011212
0.009184
0.003127
0.019762
0.093314
0.300765
0.010871
0.098924
0.008948
0.032724
0.034302
0.136339
0.004195
0.056081
0.022128
0.043643
0.104662
0.124180
0.159971
0.082738
0.007547
0.112254
0.114574
0.005866
0.044725
0.020827
0.045903
0.085470
0.002350
0.092510
0.082973
0.055591
0.070815
0.118939
0.032604
0.143960
0.172619
0.070850
0.069502
0.029380
0.006220
0.308912
0.098845
0.004494
0.116522
0.010939
0.171611
0.022550
0.267228
0.013655
0.024139
0.053149
0.037115
0.150926
0.069516
0.019984
0.015098
0.005713
0.045633
0.124240
0.045984
0.113621
0.140200
0.136131
0.050864
0.064725
0.073365
0.062089
0.168334
0.109794
0.006340
0.017989
0.107632
0.026137
0.027475
0.028856
0.003742
0.091126
0.162328
0.031984
0.009745
0.006971
0.019873
0.029055
0.032550
0.187279
0.018299
0.027381
0.131789
0.066915
0.123680
0.008494
0.107935
0.083291
0.063186
0.051252
0.083673
0.006072
0.071376
0.129050
0.052442
0.019924
0.022137
0.007804
0.192167
0.013980
0.031672
0.013467
0.010775
0.013687
0.099618
0.087005
0.014375
0.008607
0.237134
0.029942
0.074369
0.115696
0.120274
0.211043
0.032607
0.076666
0.059712
0.082461
0.123504
0.382444
0.006508
0.017601
0.066941
0.091779
0.072018
0.029090
0.009761
0.072035
0.050211
0.082127
0.085023
0.249951
0.051094
0.037193
0.122664
0.046317
0.003134
0.010944
0.144591
0.025948
0.073513
0.083619
0.063182
0.074430
0.063245
0.028323
0.007024
0.016822
0.193648
0.036314
0.012869
0.033272
0.048455
0.155336
0.009750
0.026060
0.046409
0.019218
0.038504
0.057370
0.299225
0.121660
0.072613
0.042510
0.094628
0.067527
0.072235
0.048147
0.083926
0.017168
0.027870
0.068619
0.015728
0.010237
0.084613
0.030626
0.063316
0.140238
0.086254
0.003878
0.059940
0.010728
0.091976
0.021142
0.051450
0.067292
0.066249
0.013849
0.007529
0.030860
0.114312
0.015294
0.084155
0.010838
0.033910
0.347005
0.104951
0.008697
0.224482
0.105522
0.060555
0.070078
0.019619
0.043813
0.056081
0.102828
0.207152
0.076910
0.044416
0.121480
0.266576
0.035126
0.084912
0.042904
0.009396
0.040972
0.098364
0.005509
0.103060
0.013928
0.049017
0.034699
0.069534
0.026992
0.101304
0.065606
0.044175
0.004376
0.030656
0.062772
0.061752
0.033948
0.141239
0.098522
0.021837
0.014396
0.132203
0.116957
0.126373
0.008543
0.417614
0.020692
0.015294
0.166047
0.039938
0.039575
0.166387
0.132553
0.006485
0.014247
0.045973
0.006689
0.015594
0.005207
0.106459
0.099117
0.011393
0.233608
0.339005
0.171353
0.094093
0.027616
0.007093
0.011898
0.034221
0.103186
0.025954
0.084956
0.011399
0.053207
0.098983
0.111913
0.063036
0.035231
0.074325
0.006695
0.004837
0.101469
0.152142
0.075008
0.069105
0.020054
0.009585
0.009505
0.010642
0.089140
0.053345
0.005861
0.008361
0.009140
0.028356
0.076637
0.039168
0.039177
0.057555
0.009092
0.140444
0.074295
0.044691
0.074125
0.013988
0.006349
0.101908
0.163369
0.090541
0.102591
0.102936
0.219784
0.092468
0.061914
0.176236
0.151287
0.009393
0.077589
0.023111
0.090863
0.116464
0.010669
0.008878
0.102348
0.005066
0.063846
0.201493
0.219893
0.045170
0.098287
0.060334
0.090588
0.027318
0.038071
0.057799
0.068215
0.098336
0.210984
0.137986
0.023011
0.020578
0.017169
0.059707
0.035485
0.067742
0.070922
0.122323
0.139196
0.455926
0.022042
0.103684
0.008386
0.054396
0.075178
0.144955
0.022809
0.036163
0.056299
0.089813
0.017058
0.027081
0.031935
0.115829
0.126634
0.014250
0.070378
0.143359
0.015029
0.095102
0.059346
0.034258
0.200255
0.035427
0.119101
0.321962
0.051573
0.124717
0.087187
0.096378
0.022229
0.125997
0.084854
0.130567
0.036220
0.089673
0.045021
0.093887
0.012673
0.039324
0.012376
0.149583
0.010545
0.111422
0.009555
0.029348
0.071371
0.092184
0.053274
0.108257
0.003448
0.015754
0.069233
0.036142
0.105559
0.332589
0.050393
0.099083
0.003510
0.105000
0.030555
0.030708
0.273408
0.185775
0.053575
0.181004
0.150551
0.006754
0.033477
0.026977
0.130152
0.131441
0.123006
0.002957
0.007955
0.123783
0.128083
0.057478
0.200672
0.063732
0.023023
0.116370
0.047708
0.026863
0.068988
0.006185
0.028527
0.136527
0.033424
0.361413
0.084907
0.068545
0.059944
0.422416
0.024860
0.108692
0.046198
0.097272
0.209261
0.020257
0.005380
0.151664
0.033153
0.067105
0.011824
0.108428
0.159773
0.071524
0.057294
0.073014
0.057390
0.007867
0.084032
0.054762
0.018240
0.155115
0.047769
0.134940
0.038377
0.009541
0.058148
0.033753
0.006388
0.069685
0.217872
0.015860
0.004661
0.071924
0.005521
0.045177
0.048553
0.071781
0.027012
0.049628
0.004508
0.076248
0.066114
0.111616
0.019688
0.086682
0.025319
0.018987
0.094254
0.053685
0.042635
0.036610
0.037986
0.117876
0.024543
0.014777
0.029097
0.086772
0.106426
0.114028
0.058152
0.012294
0.027322
0.025061
0.024498
0.070282
0.221357
0.005548
0.121708
0.096303
0.004345
0.011450
0.124774
0.005260
0.167967
0.011190
0.071671
0.025870
0.106182
0.084128
0.051293
0.024154
0.007554
0.068509
0.224859
0.021453
0.130226
0.043512
0.122601
0.149725
0.051980
0.023946
0.038394
0.141727
0.096885
0.006470
0.006910
0.005271
0.020053
0.007762
0.072138
0.006830
0.125810
0.013845
0.085208
0.150768
0.083570
0.129534
0.083065
0.073608
0.134153
0.053677
0.075814
0.012457
0.034425
0.163971
0.034894
0.097350
0.143585
0.164766
0.006389
0.139222
0.028917
0.024025
0.043355
0.032425
0.107771
0.048680
0.069907
0.064024
0.128822
0.174046
0.020095
0.032188
0.036629
0.001586
0.076629
0.120227
0.065500
0.258912
0.036285
0.034314
0.100685
0.039565
0.144777
0.017328
0.095966
0.076933
0.062415
0.026846
0.099025
0.001099
0.103472
0.009329
0.070105
0.134615
0.057621
0.068593
0.028294
0.072916
0.038541
0.005596
0.138101
0.018765
0.053505
0.137482
0.148413
0.025687
0.069585
0.028684
0.042122
0.194821
0.091153
0.035356
0.009500
0.042237
0.021283
0.006383
0.014277
0.007995
0.006541
0.083029
0.162479
0.010452
0.040949
0.030887
0.448614
0.013151
0.021278
0.051852
0.040220
0.148345
0.166817
0.102049
0.023462
0.028119
0.020112
0.034994
0.213934
0.014453
0.067155
0.181994
0.066109
0.148453
0.083219
0.167092
0.059959
0.027581
0.085636
0.078784
0.044068
0.020283
0.070955
0.195010
0.014466
0.003125
0.012677
0.182254
0.011093
0.112752
0.008050
0.062052
0.110291
0.057684
0.047975
0.082845
0.011078
0.032564
0.077138
0.192878
0.123944
0.079783
0.041445
0.043330
0.045430
0.062526
0.033793
0.010962
0.030662
0.108225
0.070845
0.008358
0.122519
0.016290
0.051194
0.183860
0.163108
0.063083
0.047054
0.020458
0.161606
0.010500
0.062264
0.036133
0.161320
0.057351
0.249126
0.016733
0.040698
0.096698
0.046763
0.048410
0.012892
0.126038
0.076624
0.020600
0.061612
0.208106
0.208848
0.057499
0.111418
0.006653
0.015335
0.125277
0.084122
0.062592
0.048257
0.168004
0.105504
0.033198
0.060103
0.172688
0.018496
0.009054
0.004325
0.067166
0.006839
0.021190
0.140828
0.058347
0.030489
0.152058
0.104873
0.023513
0.055098
0.056823
0.028334
0.105155
0.031367
0.021377
0.014812
0.029867
0.069988
0.367761
0.013685
0.043858
0.036532
0.155976
0.413331
0.142025
0.194310
0.026236
0.227321
0.068390
0.010563
0.078616
0.006133
0.011973
0.190839
0.067076
0.075483
0.044887
0.009872
0.087282
0.093877
0.020486
0.149732
0.006351
0.027207
0.150997
0.070012
0.016661
0.123434
0.027840
0.061560
0.299712
0.008571
0.151887
0.111011
0.076925
0.044961
0.062017
0.035030
0.113709
0.008290
0.017803
0.101280
0.001549
0.090628
0.105292
0.078797
0.071226
0.072587
0.041434
0.086137
0.116781
0.008373
0.006537
0.168731
0.015793
0.073848
0.109110
0.082737
0.007925
0.083963
0.005176
0.015999
0.005587
0.222538
0.054525
0.024728
0.050139
0.029872
0.090169
0.114354
0.027900
0.003022
0.157135
0.229404
0.071086
0.172460
0.001108
0.055291
0.127772
0.007663
0.029042
0.038955
0.018908
0.012797
0.054205
0.011873
0.089559
0.102816
0.017308
0.068807
0.023122
0.024499
0.139325
0.046496
0.099702
0.175515
0.027498
0.045826
0.044471
0.025454
0.045449
0.169259
0.067724
0.187149
0.025034
0.012935
0.117541
0.415253
0.002701
0.005438
0.012095
0.121070
0.036899
0.049618
0.051107
0.067036
0.047291
0.080649
0.141655
0.080054
0.088009
0.077583
0.063644
0.161625
0.020219
0.084093
0.018887
0.035467
0.097310
0.154080
0.118359
0.025117
0.008290
0.048926
0.207344
0.094677
0.119125
0.003816
0.156166
0.035210
0.024220
0.327697
0.108115
0.057895
0.011661
0.098772
0.025798
0.030081
0.111457
0.072481
0.007319
0.012646
0.030293
0.027644
0.202231
0.293444
0.010159
0.132479
0.085180
0.075335
0.011442
0.022874
0.122872
0.091551
0.137186
0.052480
0.029273
0.141007
0.028313
0.143356
0.082779
0.095068
0.038728
0.079684
0.064841
0.103312
0.023961
0.053055
0.053654
0.013835
0.048780
0.068033
0.056071
0.236816
0.073898
0.053843
0.006783
0.122785
0.100213
0.084122
0.125674
0.110406
0.167935
0.075545
0.005907
0.085719
0.016497
0.085082
0.084555
0.005467
0.031691
0.004313
0.008307
0.196993
0.118515
0.332100
0.041874
0.084022
0.121681
0.059854
0.003653
0.106319
0.028272
0.082518
0.052401
0.110351
0.084568
0.071744
0.075978
0.053485
0.149564
0.021743
0.237149
0.293795
0.118572
0.005828
0.105638
0.285759
0.018697
0.037184
0.138970
0.007828
0.039552
0.111461
0.057955
0.139338
0.097094
0.059333
0.062162
0.043771
0.126997
0.104119
0.016526
0.066288
0.192492
0.060032
0.089606
0.049840
0.140413
0.076444
0.064452
0.165926
0.004810
0.014166
0.052199
0.196592
0.062913
0.060456
0.010065
0.109470
0.097454
0.037706
0.041195
0.070734
0.050632
0.038897
0.012660
0.088936
0.369503
0.046455
0.010789
0.049070
0.111115
0.069054
0.009054
0.011823
0.129890
0.114524
0.011705
0.046252
0.017675
0.099996
0.024955
0.059517
0.042828
0.026077
0.055275
0.040270
0.009918
0.100974
0.065801
0.085097
0.144548
0.049888
0.143983
0.004216
0.069695
0.202190
0.005542
0.040391
0.002486
0.006840
0.114281
0.061351
0.006356
0.048167
0.053356
0.007136
0.028235
0.059102
0.006924
0.015160
0.040607
0.223761
0.085569
0.271755
0.031742
0.053642
0.143468
0.093661
0.040713
0.040615
0.106435
0.002173
0.006885
0.031657
0.327822
0.114030
0.118500
0.109062
0.068452
0.133965
0.114867
0.206249
0.379780
0.092917
0.005243
0.184831
0.242023
0.080859
0.172478
0.238151
0.039069
0.049255
0.041921
0.089719
0.006340
0.053928
0.021408
0.109338
0.079908
0.030880
0.105599
0.073041
0.007688
0.058325
0.055941
0.017619
0.069722
0.106790
0.019253
0.040841
0.098165
0.229808
0.083303
0.103622
0.007803
0.029870
0.103531
0.074214
0.022156
0.019830
0.269850
0.203618
0.083271
0.047116
0.069212
0.024344
0.057838
0.011525
0.027910
0.387893
0.017564
0.070766
0.011836
0.086779
0.026362
0.078320
0.164381
0.045339
0.118239
0.177543
0.023206
0.037567
0.032151
0.099654
0.026739
0.003251
0.042092
0.049599
0.011860
0.091533
0.008500
0.045154
0.075582
0.091364
0.013113
0.013300
0.114144
0.103076
0.012983
0.070197
0.055497
0.027351
0.131703
0.059103
0.106137
0.012745
0.021899
0.205152
0.099511
0.120359
0.128093
0.014587
0.014419
0.161702
0.226926
0.177367
0.037935
0.065770
0.022444
0.027856
0.216439
0.062988
0.097621
0.067501
0.126750
0.013094
0.011755
0.054029
0.059811
0.015834
0.010243
0.127772
0.333623
0.144332
0.005952
0.038881
0.006580
0.084491
0.098105
0.087193
0.081294
0.074494
0.070045
0.032804
0.081562
0.016163
0.113755
0.031334
0.038384
0.047603
0.051246
0.127508
0.024424
0.150584
0.135603
0.009419
0.094215
0.032301
0.070205
0.018391
0.184757
0.105342
0.108672
0.019100
0.064885
0.027661
0.128537
0.066480
0.082198
0.216454
0.257342
0.012572
0.031424
0.033435
0.140215
0.070967
0.097839
0.033782
0.003254
0.145905
0.207395
0.021487
0.009275
0.038360
0.006764
0.084821
0.172308
0.029771
0.043611
0.239890
0.359417
0.190298
0.055527
0.013215
0.003319
0.097099
0.012600
0.007062
0.083870
0.055375
0.051231
0.062168
0.014193
0.199961
0.190433
0.009284
0.029756
0.032352
0.047183
0.119284
0.016758
0.234607
0.158244
0.103066
0.129710
0.055625
0.019238
0.184310
0.148497
0.031444
0.090825
0.005784
0.071004
0.238813
0.050006
0.103697
0.123821
0.014685
0.006488
0.031721
0.031540
0.114913
0.104368
0.023928
0.064964
0.005447
0.037774
0.045709
0.008721
0.014780
0.179400
0.010627
0.021279
0.080989
0.073236
0.104892
0.067463
0.045739
0.034571
0.064829
0.030711
0.074870
0.143276
0.147839
0.086974
0.176490
0.086015
0.009533
0.049353
0.111953
0.388891
0.009798
0.002936
0.118737
0.070764
0.104886
0.012158
0.102321
0.002628
0.073888
0.011878
0.217968
0.042374
0.113847
0.021856
0.029315
0.130137
0.006210
0.007192
0.090410
0.286552
0.060964
0.042510
0.004189
0.009682
0.121046
0.144391
0.170518
0.117930
0.098769
0.057078
0.088132
0.089345
0.185077
0.101410
0.073713
0.064543
0.046924
0.139468
0.016314
0.049363
0.289261
0.040452
0.329039
0.160441
0.060768
0.098309
0.079666
0.079654
0.321722
0.023680
0.006390
0.101945
0.049034
0.008570
0.177268
0.007303
0.094399
0.045743
0.042219
0.022690
0.012449
0.321872
0.022405
0.007645
0.020842
0.009642
0.351017
0.018473
0.215439
0.181923
0.127967
0.119808
0.192812
0.119634
0.020072
0.069043
0.034147
0.100953
0.010469
0.017943
0.004092
0.291886
0.049163
0.104280
0.131951
0.058154
0.062800
0.058209
0.054162
0.003698
0.004263
0.213293
0.016974
0.008233
0.009566
0.132995
0.138803
0.067544
0.036345
0.197469
0.022151
0.002784
0.067777
0.077852
0.010394
0.020056
0.144973
0.075465
0.018015
0.104371
0.099825
0.103446
0.169012
0.227399
0.098084
0.068172
0.015311
0.022544
0.017603
0.042039
0.029441
0.002084
0.151078
0.083188
0.067027
0.023248
0.107964
0.051799
0.028450
0.213467
0.003728
0.083373
0.081377
0.106128
0.016946
0.151693
0.072439
0.065866
0.021658
0.063487
0.073877
0.046815
0.011185
0.083091
0.019409
0.020263
0.029384
0.020845
0.065038
0.049853
0.128323
0.121205
0.077405
0.123867
0.071628
0.049680
0.068920
0.039474
0.092127
0.011334
0.095712
0.023564
0.013223
0.064270
0.030203
0.085634
0.095842
0.076499
0.169442
0.034011
0.050564
0.056173
0.022768
0.030251
0.003102
0.427073
0.340687
0.093762
0.076860
0.078053
0.068160
0.226870
0.061888
0.355765
0.075593
0.125702
0.012964
0.098028
0.078328
0.156864
0.045457
0.214856
0.023294
0.008649
0.093266
0.023268
0.043639
0.039384
0.217796
0.075899
0.112448
0.008814
0.082106
0.022400
0.182004
0.025732
0.050765
0.179246
0.047736
0.016558
0.071561
0.023691
0.092876
0.040188
0.100789
0.179630
0.192578
0.003987
0.006972
0.011710
0.008312
0.008757
0.062821
0.211031
0.093502
0.027279
0.305647
0.112068
0.114126
0.034914
0.004112
0.062516
0.093290
0.099357
0.010858
0.008829
0.044359
0.128520
0.038983
0.067842
0.089568
0.031716
0.036187
0.126275
0.011982
0.214367
0.034970
0.010116
0.214834
0.067157
0.124226
0.040256
0.005801
0.226414
0.207331
0.107212
0.005344
0.009962
0.070112
0.101596
0.015518
0.006195
0.089671
0.184569
0.078042
0.012275
0.217479
0.043729
0.005150
0.071802
0.077059
0.003411
0.076064
0.031729
0.063364
0.046102
0.005564
0.062954
0.049462
0.009219
0.099040
0.009923
0.175881
0.024972
0.198499
0.199019
0.221082
0.055296
0.125631
0.027188
0.025894
0.004768
0.108279
0.047602
0.053659
0.015685
0.123223
0.005100
0.058501
0.024890
0.081334
0.043980
0.047389
0.054239
0.036644
0.077864
0.005717
0.188588
0.066597
0.010345
0.031223
0.100015
0.178478
0.005650
0.092075
0.005888
0.102558
0.155429
0.010838
0.010178
0.008666
0.149608
0.036820
0.076861
0.040609
0.026146
0.004957
0.022837
0.040670
0.059448
0.070944
0.039961
0.133801
0.005817
0.090407
0.031528
0.005860
0.038488
0.101693
0.029221
0.020847
0.019144
0.001087
0.002010
0.059031
0.053223
0.013699
0.076054
0.075553
0.077119
0.046765
0.097345
0.035539
0.010197
0.007624
0.037263
0.014312
0.032320
0.025773
0.087698
0.018342
0.005309
0.031909
0.110570
0.025900
0.160105
0.124276
0.051829
0.002803
0.033521
0.059928
0.062648
0.008088
0.111972
0.053332
0.072207
0.171683
0.087822
0.004441
0.024808
0.202586
0.096980
0.005208
0.005808
0.131203
0.096106
0.002902
0.008610
0.135255
0.156929
0.018852
0.199572
0.088905
0.070272
0.066898
0.127472
0.006827
0.059473
0.007006
0.088799
0.087707
0.164981
0.056939
0.005662
0.219956
0.010613
0.012429
0.111550
0.005431
0.057414
0.080981
0.180093
0.225601
0.167415
0.009788
0.071282
0.017462
0.008020
0.043666
0.091088
0.050861
0.001699
0.070910
0.227395
0.116182
0.084216
0.001981
0.015816
0.104614
0.050477
0.024524
0.021130
0.120119
0.111586
0.223050
0.062828
0.007803
0.183123
0.018468
0.021872
0.012348
0.111922
0.020249
0.073780
0.270903
0.011408
0.062068
0.075240
0.007693
0.113997
0.014317
0.040338
0.043334
0.112797
0.174117
0.056743
0.040914
0.090647
0.096157
0.010692
0.131197
0.036720
0.094994
0.089979
0.109277
0.032263
0.091805
0.017729
0.063565
0.302351
0.032186
0.144860
0.008260
0.057271
0.004969
0.057995
0.086207
0.147091
0.034113
0.118305
0.305972
0.167984
0.088438
0.051621
0.018915
0.134103
0.087480
0.011647
0.038967
0.035672
0.034240
0.014068
0.031463
0.019453
0.131157
0.006247
0.098594
0.024551
0.046152
0.078298
0.016089
0.060206
0.032581
0.022430
0.083800
0.097746
0.056203
0.111704
0.154321
0.106400
0.018435
0.041622
0.075555
0.060291
0.011521
0.085386
0.184594
0.075514
0.298844
0.109633
0.028348
0.057521
0.082151
0.037775
0.024870
0.012027
0.043594
0.109741
0.014154
0.015783
0.038721
0.294488
0.063250
0.064565
0.015317
0.065265
0.016494
0.184610
0.100268
0.058005
0.008400
0.065821
0.074172
0.092823
0.039379
0.048076
0.082490
0.027775
0.347816
0.073567
0.007658
0.007190
0.003520
0.009073
0.009800
0.152919
0.085606
0.160343
0.058183
0.165415
0.167776
0.016454
0.116247
0.095278
0.059984
0.086620
0.065878
0.087217
0.080564
0.064436
0.098791
0.085794
0.061794
0.048836
0.031571
0.094420
0.069412
0.061374
0.041314
0.004480
0.011292
0.102809
0.114733
0.075632
0.091732
0.103948
0.008841
0.010788
0.143148
0.009359
0.062182
0.113734
0.055191
0.231462
0.031033
0.045552
0.031386
0.118850
0.169517
0.053685
0.090763
0.008503
0.085958
0.096335
0.162496
0.019803
0.023492
0.146948
0.050363
0.012978
0.069137
0.016491
0.028623
0.071572
0.096414
0.066937
0.056789
0.044055
0.009322
0.055252
0.015202
0.010127
0.070912
0.069962
0.020296
0.200694
0.021530
0.112660
0.006055
0.006204
0.009717
0.069187
0.086901
0.084351
0.023431
0.044414
0.034884
0.048784
0.075360
0.082148
0.144363
0.035443
0.241843
0.227524
0.125691
0.141735
0.023311
0.076879
0.352016
0.011048
0.096660
0.120870
0.223865
0.074343
0.121714
0.009133
0.061928
0.027830
0.068552
0.147193
0.014223
0.196474
0.062465
0.022407
0.036522
0.038685
0.191995
0.074545
0.010104
0.069618
0.002259
0.112032
0.029927
0.059591
0.029793
0.082800
0.084893
0.042400
0.003806
0.020154
0.032549
0.099600
0.061829
0.011886
0.095792
0.092917
0.138652
0.156450
0.370291
0.163824
0.132178
0.044423
0.133001
0.231033
0.019851
0.027017
0.006470
0.044966
0.136403
0.055958
0.013883
0.047807
0.100347
0.006390
0.124424
0.183756
0.025333
0.100947
0.077330
0.091542
0.031101
0.279273
0.008749
0.043349
0.097759
0.185926
0.037455
0.041277
0.260867
0.009854
0.036635
0.170256
0.218953
0.012553
0.130234
0.051919
0.028846
0.005233
0.026920
0.010524
0.054953
0.173627
0.140652
0.021092
0.027970
0.167323
0.037005
0.013596
0.165577
0.144277
0.044497
0.119345
0.074971
0.010377
0.097799
0.076103
0.055475
0.143683
0.004283
0.158038
0.088188
0.018588
0.153381
0.055796
0.021702
0.018652
0.028960
0.011009
0.049833
0.094855
0.012346
0.023810
0.231635
0.007369
0.029849
0.103700
0.011477
0.036258
0.078964
0.158742
0.039372
0.100468
0.017004
0.054143
0.028000
0.007296
0.004810
0.022606
0.010517
0.103469
0.011293
0.036014
0.060178
0.026511
0.034212
0.183394
0.005883
0.108789
0.101526
0.084797
0.019852
0.068342
0.099768
0.067779
0.143655
0.139130
0.122014
0.033839
0.009613
0.012813
0.045278
0.287939
0.125823
0.181178
0.009990
0.054305
0.123282
0.055325
0.022094
0.016136
0.116768
0.206982
0.149056
0.012805
0.130221
0.051096
0.128257
0.008081
0.134260
0.140366
0.018358
0.030787
0.077150
0.040302
0.175074
0.093249
0.126439
0.121447
0.069431
0.010934
0.098037
0.139221
0.060702
0.052696
0.012594
0.031196
0.046346
0.026045
0.026947
0.044335
0.025155
0.086083
0.004410
0.178530
0.193419
0.034354
0.014819
0.166010
0.198305
0.281795
0.052461
0.136559
0.065585
0.024646
0.180876
0.070924
0.158758
0.194643
0.022377
0.008304
0.015418
0.006971
0.094901
0.019891
0.087968
0.021222
0.027466
0.180774
0.173052
0.018756
0.099824
0.006770
0.053897
0.069193
0.163448
0.011149
0.032031
0.128359
0.119689
0.072387
0.053140
0.078896
0.008282
0.254127
0.054173
0.016022
0.018081
0.148170
0.098197
0.036171
0.009197
0.044035
0.036188
0.048343
0.017917
0.356635
0.293889
0.082317
0.064535
0.050286
0.100993
0.047116
0.087287
0.019474
0.057959
0.050863
0.006503
0.018217
0.249544
0.028209
0.039391
0.168056
0.074526
0.060254
0.026668
0.021292
0.288509
0.049852
0.084786
0.004980
0.025987
0.106320
0.008549
0.068676
0.052674
0.053433
0.060363
0.096171
0.128362
0.126128
0.056395
0.101885
0.059400
0.011610
0.059866
0.191207
0.064189
0.125386
0.232841
0.072669
0.140122
0.014555
0.057897
0.051791
0.062403
0.012512
0.080464
0.050195
0.101343
0.126698
0.166488
0.070926
0.012919
0.007731
0.056774
0.005498
0.183327
0.015371
0.011458
0.106856
0.034445
0.016571
0.063029
0.064360
0.037567
0.077440
0.050587
0.134580
0.060002
0.037907
0.145828
0.106673
0.080430
0.039571
0.003465
0.007431
0.026364
0.103708
0.058249
0.034806
0.067262
0.025164
0.229880
0.158025
0.009843
0.040011
0.326039
0.136172
0.243531
0.009644
0.091899
0.022185
0.039310
0.108483
0.093070
0.030935
0.015914
0.014893
0.163204
0.014313
0.005232
0.142579
0.043052
0.008532
0.014713
0.060642
0.068799
0.029016
0.141315
0.009621
0.047699
0.116913
0.042400
0.043085
0.011294
0.040813
0.014093
0.018199
0.139555
0.025694
0.068944
0.031790
0.073920
0.120557
0.053112
0.016306
0.165541
0.100156
0.064203
0.086824
0.010106
0.134323
0.009947
0.083910
0.032275
0.017829
0.002858
0.052927
0.187840
0.005802
0.109004
0.135147
0.084803
0.099175
0.004206
0.118296
0.112052
0.051259
0.019938
0.115500
0.062973
0.023002
0.294608
0.013758
0.003508
0.164005
0.040703
0.182574
0.032106
0.224876
0.038901
0.011597
0.007877
0.086338
0.082178
0.074408
0.040600
0.032189
0.092631
0.219784
0.030184
0.137424
0.083329
0.012394
0.024347
0.041913
0.006076
0.085304
0.116545
0.059840
0.030866
0.099634
0.161194
0.256635
0.151797
0.112423
0.122204
0.004804
0.017801
0.092528
0.053511
0.171683
0.039790
0.094164
0.045498
0.050265
0.100439
0.016074
0.009665
0.077146
0.130744
0.066662
0.234487
0.058056
0.075397
0.004135
0.006744
0.010460
0.065109
0.013421
0.034792
0.142138
0.027202
0.006557
0.016360
0.020444
0.136717
0.007597
0.045988
0.158085
0.020565
0.008422
0.064632
0.067128
0.080219
0.137127
0.214042
0.054367
0.043280
0.082725
0.124119
0.105999
0.044048
0.028682
0.069731
0.104398
0.022006
0.010552
0.040678
0.021101
0.184237
0.003355
0.044596
0.045873
0.183227
0.009312
0.148552
0.068278
0.133080
0.132993
0.060557
0.033873
0.083778
0.094722
0.003208
0.044775
0.096890
0.023251
0.083069
0.004894
0.124698
0.095461
0.115938
0.028765
0.097424
0.100629
0.119260
0.021193
0.158657
0.121026
0.008331
0.207796
0.065139
0.014847
0.166045
0.048077
0.087144
0.027832
0.050307
0.044249
0.190455
0.394228
0.150566
0.041390
0.023637
0.005635
0.049849
0.007251
0.041314
0.003716
0.185653
0.064193
0.131411
0.169835
0.145672
0.026283
0.183231
0.042370
0.025485
0.015800
0.049779
0.084203
0.054078
0.028129
0.013358
0.096337
0.044951
0.098030
0.041731
0.068053
0.012643
0.114940
0.015614
0.010599
0.142599
0.067560
0.045390
0.032840
0.010853
0.208951
0.009207
0.103081
0.119452
0.026347
0.072645
0.109591
0.009200
0.099704
0.027630
0.021225
0.007919
0.187114
0.007389
0.005728
0.083493
0.053244
0.015197
0.034973
0.131844
0.046594
0.124143
0.012587
0.109622
0.056905
0.022462
0.033271
0.138487
0.161704
0.003709
0.015020
0.101250
0.177481
0.019523
0.015194
0.084358
0.114234
0.148585
0.092817
0.074371
0.116608
0.085466
0.043163
0.039840
0.245555
0.013784
0.123285
0.064219
0.025302
0.025861
0.184237
0.013333
0.091765
0.056090
0.004185
0.071398
0.018604
0.115103
0.108668
0.320755
0.009056
0.039867
0.097955
0.068167
0.089622
0.040759
0.060189
0.074221
0.186406
0.033848
0.113890
0.115417
0.034770
0.133962
0.095151
0.068602
0.028249
0.063362
0.211248
0.040665
0.064794
0.127915
0.232414
0.054094
0.100367
0.199117
0.008130
0.093655
0.120895
0.050175
0.016897
0.008516
0.015916
0.015035
0.220405
0.034228
0.036286
0.010225
0.107542
0.142966
0.084100
0.097808
0.017067
0.083180
0.042915
0.142528
0.073838
0.013270
0.109706
0.118602
0.037017
0.174484
0.068538
0.010472
0.051551
0.238807
0.280761
0.029556
0.003217
0.074611
0.061482
0.066596
0.060561
0.429336
0.087078
0.046096
0.109442
0.030217
0.026877
0.017311
0.015584
0.026367
0.081817
0.114820
0.084157
0.042702
0.016589
0.106269
0.057571
0.006101
0.014664
0.016965
0.027330
0.140562
0.094828
0.018178
0.115622
0.023074
0.005628
0.041481
0.049065
0.074552
0.044552
0.027845
0.075543
0.098705
0.064637
0.026593
0.123254
0.177528
0.010158
0.106080
0.022589
0.123223
0.071226
0.007654
0.182142
0.022633
0.124270
0.027623
0.097928
0.036091
0.133722
0.184303
0.010997
0.397848
0.119574
0.081884
0.017200
0.051384
0.028234
0.103908
0.115109
0.052314
0.006277
0.111954
0.012732
0.174183
0.161657
0.133240
0.009866
0.017892
0.031062
0.163655
0.019130
0.075289
0.001851
0.037628
0.043703
0.006685
0.015570
0.153543
0.004091
0.026632
0.082117
0.025479
0.055517
0.028485
0.156364
0.104387
0.033492
0.074484
0.039023
0.039103
0.094955
0.103481
0.044944
0.244879
0.130467
0.119125
0.076394
0.026453
0.020449
0.014853
0.153723
0.011030
0.027396
0.072549
0.053199
0.141965
0.120739
0.019821
0.087485
0.096617
0.005331
0.010144
0.043392
0.103092
0.052253
0.010065
0.006007
0.070985
0.017167
0.060916
0.090356
0.070638
0.049377
0.049563
0.066255
0.023483
0.132834
0.011791
0.168101
0.290661
0.008461
0.073044
0.212323
0.231188
0.098315
0.023607
0.064337
0.020697
0.004914
0.048050
0.017613
0.078994
0.019896
0.048319
0.020146
0.066365
0.007107
0.066649
0.011014
0.083468
0.041175
0.001234
0.152395
0.035044
0.038359
0.005198
0.044460
0.165169
0.107925
0.044953
0.037785
0.137491
0.008109
0.054919
0.092599
0.028045
0.163554
0.068394
0.144555
0.094729
0.008685
0.335081
0.037676
0.044551
0.083439
0.032087
0.045994
0.038987
0.010034
0.008504
0.124218
0.039244
0.011234
0.042675
0.008232
0.067769
0.068735
0.001690
0.005786
0.052983
0.021319
0.178631
0.056032
0.022586
0.057452
0.065715
0.111058
0.166694
0.146041
0.129923
0.091387
0.227456
0.056421
0.011792
0.004084
0.026356
0.091780
0.368549
0.184078
0.009283
0.113366
0.021277
0.187397
0.038943
0.098362
0.183494
0.213819
0.067140
0.027259
0.078270
0.055929
0.021410
0.011284
0.005115
0.222607
0.234251
0.054573
0.004689
0.063259
0.070325
0.021046
0.026356
0.107328
0.014827
0.013621
0.204640
0.007129
0.082683
0.034811
0.015771
0.125753
0.016879
0.076537
0.007775
0.127210
0.044893
0.008050
0.220530
0.027177
0.058111
0.093793
0.078363
0.045757
0.011425
0.072588
0.064251
0.023939
0.089354
0.029532
0.224713
0.152067
0.070769
0.008715
0.002515
0.107375
0.132445
0.205449
0.029758
0.121239
0.094500
0.008931
0.132516
0.001749
0.234004
0.124696
0.067230
0.260797
0.021249
0.350864
0.012823
0.120366
0.074845
0.041630
0.042557
0.003074
0.015102
0.086120
0.093549
0.040490
0.048331
0.117385
0.130177
0.005741
0.054107
0.030199
0.034763
0.105908
0.171155
0.033747
0.168616
0.027505
0.056126
0.018057
0.135496
0.096712
0.050476
0.166202
0.028250
0.108753
0.050824
0.077596
0.024607
0.009257
0.011531
0.035018
0.100722
0.071964
0.204554
0.025260
0.024167
0.183137
0.238440
0.193410
0.007103
0.012447
0.054206
0.002571
0.077791
0.103088
0.048806
0.012799
0.033930
0.111354
0.007434
0.091398
0.003247
0.109778
0.055235
0.081041
0.029217
0.045983
0.067372
0.076809
0.156337
0.110519
0.035567
0.058903
0.068870
0.125702
0.213200
0.031311
0.281784
0.051316
0.052330
0.311551
0.103349
0.147091
0.061177
0.007744
0.010000
0.022583
0.130076
0.066386
0.070083
0.031699
0.079416
0.002087
0.129536
0.061376
0.009384
0.048884
0.007235
0.035486
0.151659
0.098917
0.417454
0.011547
0.100714
0.088544
0.110980
0.352329
0.034541
0.027959
0.011772
0.019328
0.104699
0.078133
0.147849
0.274425
0.050255
0.179585
0.033863
0.088301
0.185634
0.028839
0.023958
0.029292
0.178847
0.087736
0.013061
0.183821
0.053906
0.272904
0.024867
0.008651
0.096714
0.103501
0.005882
0.109263
0.144084
0.055126
0.023354
0.032640
0.027226
0.200728
0.095575
0.109093
0.165936
0.056988
0.016350
0.041425
0.082034
0.287754
0.011345
0.137573
0.027840
0.087262
0.090767
