0.080998
0.027569
0.060335
0.076983
0.039634
0.076345
0.099991
0.005249
0.039472
0.016758
0.006022
0.028254
0.049120
0.174402
0.271470
0.063534
0.022373
0.002245
0.126240
0.038221
0.030937
0.055310
0.049035
0.033423
0.006773
0.068707
0.035412
0.003167
0.193463
0.056785
0.024849
0.110631
0.018144
0.077354
0.081734
0.011495
0.065345
0.009811
0.045014
0.005131
0.110674
0.002505
0.141779
0.005126
0.261216
0.133075
0.166078
0.045933
0.006094
0.017386
0.003489
0.073750
0.003095
0.004494
0.099780
0.005908
0.015512
0.222222
0.040643
0.027327
0.035110
0.006677
0.005057
0.017074
0.030265
0.058756
0.012863
0.012257
0.033544
0.021148
0.011712
0.069400
0.052281
0.067801
0.023593
0.007238
0.050130
0.140804
0.017530
0.148423
0.005643
0.358580
0.005970
0.174038
0.040624
0.071116
0.046572
0.004306
0.011024
0.046837
0.091246
0.062796
0.070530
0.014534
0.036792
0.138631
0.056183
0.007933
0.014467
0.004413
0.006141
0.125733
0.110888
0.138546
0.188264
0.077638
0.029760
0.010694
0.003408
0.047074
0.023361
0.024021
0.085819
0.006725
0.032848
0.020015
0.004685
0.007052
0.192147
0.017857
0.030607
0.147692
0.060631
0.023683
0.098060
0.319515
0.038624
0.036500
0.061565
0.006892
0.045984
0.118986
0.046511
0.120231
0.074080
0.005806
0.022896
0.066089
0.172660
0.190243
0.013713
0.106673
0.034401
0.036848
0.021432
0.028290
0.027200
0.042855
0.003771
0.006030
0.015827
0.036680
0.031532
0.004993
0.001987
0.018263
0.024960
0.056226
0.052838
0.055007
0.002767
0.007076
0.137958
0.046667
0.017572
0.015084
0.078839
0.064708
0.126734
0.087379
0.004794
0.071993
0.003293
0.071996
0.179394
0.056578
0.005453
0.049157
0.014803
0.030347
0.022430
0.110911
0.113332
0.063112
0.013141
0.161647
0.006512
0.007512
0.084844
0.174730
0.024216
0.121093
0.084471
0.010311
0.029261
0.006283
0.052203
0.031533
0.053498
0.001714
0.061675
0.013068
0.020177
0.025735
0.037649
0.078854
0.004478
0.048531
0.217197
0.045262
0.145260
0.020442
0.104848
0.016923
0.110368
0.031785
0.010877
0.149478
0.013649
0.046197
0.039494
0.070628
0.012203
0.125020
0.018335
0.004228
0.041147
0.189288
0.011160
0.032674
0.007166
0.199020
0.004307
0.018833
0.091534
0.011066
0.023629
0.021342
0.013115
0.073860
0.010820
0.031342
0.111767
0.009710
0.004885
0.184838
0.009676
0.113472
0.032393
0.033421
0.007061
0.030349
0.018304
0.044496
0.010139
0.255957
0.014927
0.032652
0.016173
0.008116
0.003372
0.113497
0.076278
0.037983
0.087530
0.031064
0.078474
0.246690
0.187924
0.045334
0.093382
0.059139
0.026282
0.029201
0.165938
0.081645
0.084031
0.007660
0.244007
0.015271
0.012049
0.023197
0.005312
0.038763
0.140224
0.055674
0.017191
0.047490
0.024155
0.006595
0.010828
0.107036
0.042166
0.040301
0.009623
0.067186
0.053651
0.001321
0.011135
0.020889
0.112334
0.117823
0.030293
0.018570
0.091373
0.288193
0.012115
0.016100
0.049217
0.033782
0.042360
0.022977
0.132020
0.001885
0.006544
0.101955
0.110419
0.007627
0.014336
0.004386
0.036111
0.026943
0.060564
0.106196
0.178085
0.009006
0.045639
0.051587
0.068302
0.191502
0.192802
0.029239
0.003533
0.069948
0.011132
0.009147
0.012404
0.073146
0.074948
0.183127
0.013527
0.005410
0.119361
0.055110
0.103663
0.125053
0.008987
0.011983
0.097625
0.055929
0.016457
0.016497
0.022713
0.031569
0.063365
0.003093
0.043071
0.066428
0.080043
0.005052
0.013325
0.004778
0.073530
0.122573
0.055742
0.035437
0.003296
0.015153
0.018543
0.041381
0.087532
0.041690
0.050360
0.054956
0.087218
0.022653
0.094654
0.146355
0.208516
0.027747
0.006226
0.029500
0.007410
0.080631
0.050300
0.015105
0.025309
0.041130
0.050237
0.146956
0.056513
0.217279
0.012231
0.064848
0.011387
0.028619
0.020223
0.213155
0.150832
0.084448
0.089333
0.002406
0.015864
0.007644
0.026576
0.017909
0.014324
0.035686
0.035567
0.074724
0.009137
0.020728
0.035386
0.057381
0.007303
0.001333
0.008737
0.046485
0.101585
0.018750
0.015746
0.012664
0.003214
0.014559
0.006555
0.042543
0.016624
0.210899
0.044622
0.007177
0.012314
0.075275
0.049197
0.003163
0.010950
0.040950
0.360881
0.089985
0.101076
0.067700
0.249423
0.017145
0.064469
0.146583
0.013106
0.033056
0.009038
0.003623
0.073640
0.039043
0.023799
0.085295
0.015363
0.051512
0.047764
0.168665
0.061547
0.045943
0.010569
0.060055
0.017331
0.005696
0.124577
0.066647
0.035315
0.047452
0.039967
0.068770
0.081611
0.063732
0.027791
0.051427
0.014138
0.019569
0.024411
0.012143
0.087656
0.022518
0.008897
0.049640
0.017660
0.012300
0.104424
0.011358
0.027188
0.008653
0.133037
0.018471
0.011782
0.055461
0.001759
0.036014
0.021292
0.085088
0.007826
0.008904
0.061495
0.010963
0.330312
0.272989
0.043004
0.126146
0.007231
0.044628
0.034115
0.052997
0.157610
0.079681
0.064709
0.124360
0.060236
0.005180
0.012525
0.123971
0.003037
0.122551
0.118497
0.030062
0.112931
0.014262
0.097138
0.007077
0.107269
0.028385
0.012866
0.006895
0.025090
0.036185
0.017658
0.055680
0.006754
0.057870
0.140295
0.165924
0.011801
0.243139
0.047173
0.209274
0.036861
0.004995
0.006344
0.067210
0.102339
0.009776
0.041683
0.013222
0.220342
0.046137
0.005820
0.006539
0.048870
0.019337
0.267842
0.058122
0.010051
0.093188
0.019485
0.003918
0.118761
0.044136
0.001847
0.025840
0.047236
0.063676
0.193363
0.024253
0.154545
0.005048
0.017298
0.206392
0.023513
0.060176
0.014603
0.042216
0.311695
0.008609
0.068094
0.092328
0.028760
0.011835
0.079868
0.057082
0.014483
0.065164
0.117237
0.181553
0.042911
0.020560
0.027142
0.021920
0.087575
0.008268
0.017633
0.031875
0.009217
0.019745
0.110027
0.006262
0.151630
0.012010
0.024379
0.040694
0.043431
0.002142
0.048523
0.194273
0.013182
0.059019
0.015924
0.021765
0.022710
0.020409
0.021053
0.045535
0.047621
0.089390
0.018331
0.016037
0.058158
0.054281
0.023439
0.175044
0.015256
0.000579
0.047009
0.190002
0.045721
0.011319
0.033285
0.032661
0.030891
0.009711
0.058077
0.064256
0.006388
0.025987
0.002931
0.007957
0.067049
0.028219
0.108848
0.004309
0.298540
0.172247
0.031609
0.044675
0.022893
0.020898
0.016646
0.008792
0.091469
0.246614
0.058279
0.088142
0.037950
0.006314
0.220601
0.031595
0.008988
0.014276
0.152198
0.024103
0.090405
0.049407
0.002907
0.009816
0.006666
0.032497
0.087948
0.072753
0.027298
0.074596
0.153379
0.009135
0.004089
0.010099
0.033152
0.060963
0.185420
0.020512
0.019526
0.094998
0.031638
0.033348
0.032177
0.027088
0.001997
0.075568
0.032020
0.131198
0.263081
0.025355
0.170207
0.121328
0.036270
0.042057
0.055895
0.081652
0.071313
0.222519
0.169406
0.045348
0.138664
0.038613
0.033600
0.037257
0.012864
0.072029
0.048166
0.022413
0.116472
0.010662
0.035756
0.012943
0.040287
0.045470
0.009776
0.128860
0.008634
0.026843
0.006190
0.054320
0.033673
0.005628
0.013446
0.110277
0.058816
0.104858
0.135755
0.098342
0.009340
0.008671
0.095995
0.130624
0.023742
0.064148
0.015645
0.007976
0.481145
0.029443
0.007605
0.080717
0.080394
0.017777
0.011005
0.044066
0.009573
0.027642
0.008112
0.012269
0.092030
0.033619
0.147611
0.006901
0.011152
0.019075
0.038240
0.010735
0.044586
0.215363
0.025878
0.009793
0.014819
0.005058
0.068612
0.023503
0.009194
0.084238
0.004830
0.103871
0.052176
0.009801
0.007721
0.013144
0.036191
0.007218
0.125494
0.231665
0.025880
0.038799
0.162066
0.052458
0.167974
0.018224
0.072474
0.021704
0.065772
0.057549
0.107477
0.005423
0.004020
0.029657
0.005431
0.004853
0.007383
0.004152
0.004172
0.011406
0.042584
0.034502
0.018710
0.002963
0.032660
0.065110
0.118010
0.072629
0.099827
0.024387
0.001897
0.138228
0.045733
0.007890
0.091366
0.110396
0.053796
0.041301
0.027366
0.027432
0.068931
0.040197
0.003887
0.008586
0.039516
0.002779
0.025548
0.060129
0.082248
0.017520
0.009082
0.074154
0.234760
0.011409
0.052398
0.061790
0.128439
0.189698
0.006502
0.002226
0.022165
0.016230
0.054158
0.011107
0.138092
0.016113
0.005252
0.080303
0.036429
0.012248
0.104040
0.101057
0.004674
0.017971
0.358834
0.003247
0.114983
0.021611
0.040936
0.145264
0.008386
0.187334
0.057525
0.012751
0.025954
0.040077
0.006855
0.044999
0.142316
0.017783
0.024403
0.049114
0.006968
0.337251
0.101738
0.001590
0.013167
0.069949
0.303227
0.137279
0.027506
0.135873
0.020208
0.018006
0.077088
0.047844
0.034629
0.009945
0.009014
0.046788
0.055004
0.033572
0.087681
0.010120
0.049950
0.020359
0.134182
0.019149
0.025137
0.017024
0.021035
0.189572
0.051785
0.004176
0.024292
0.001627
0.033982
0.027551
0.042688
0.007030
0.018091
0.003091
0.202175
0.154366
0.013260
0.045076
0.043567
0.027042
0.093678
0.082910
0.071361
0.068832
0.030489
0.016797
0.033167
0.061878
0.012949
0.119369
0.045099
0.029715
0.055088
0.192087
0.051771
0.051133
0.057482
0.003513
0.075656
0.009463
0.016518
0.010861
0.100962
0.047565
0.035597
0.192543
0.101521
0.088538
0.012380
0.021554
0.018673
0.038044
0.004499
0.040489
0.036153
0.066334
0.012589
0.005165
0.024359
0.039309
0.129222
0.015423
0.266797
0.135882
0.050571
0.031213
0.102773
0.090470
0.078184
0.056951
0.126793
0.167804
0.012023
0.035637
0.007649
0.020295
0.066856
0.166770
0.002968
0.020298
0.094448
0.007666
0.169012
0.174336
0.038453
0.048180
0.051241
0.123113
0.011820
0.034590
0.039333
0.004992
0.125053
0.109090
0.018502
0.045537
0.018263
0.006685
0.212145
0.006183
0.074261
0.068573
0.026095
0.002391
0.085650
0.066730
0.024477
0.008143
0.133670
0.018930
0.045242
0.015229
0.067996
0.007909
0.019798
0.012727
0.173445
0.002455
0.017738
0.184446
0.048723
0.034202
0.017700
0.165835
0.038862
0.158110
0.039473
0.055357
0.003537
0.098455
0.017400
0.004352
0.067467
0.031287
0.024494
0.065662
0.136275
0.053175
0.033065
0.147555
0.049176
0.097287
0.001604
0.075840
0.070390
0.011402
0.009093
0.019106
0.247493
0.005181
0.030656
0.028551
0.070863
0.019022
0.044410
0.175641
0.037733
0.296518
0.002635
0.039327
0.003548
0.009973
0.021447
0.120450
0.013667
0.050046
0.086106
0.008079
0.143842
0.012974
0.005520
0.177039
0.048852
0.451368
0.058813
0.029916
0.013860
0.028478
0.006417
0.086850
0.037868
0.030865
0.041749
0.207539
0.035991
0.053483
0.012782
0.039593
0.056128
0.007277
0.009544
0.016300
0.004042
0.211751
0.093539
0.254173
0.005204
0.026845
0.007165
0.066472
0.117712
0.022538
0.089276
0.020602
0.075365
0.070358
0.009530
0.041544
0.019541
0.186216
0.022872
0.007240
0.013003
0.004879
0.092489
0.075721
0.034351
0.068508
0.027780
0.013682
0.021242
0.041577
0.090359
0.218586
0.199930
0.140626
0.024991
0.073920
0.183925
0.011601
0.155378
0.031791
0.038704
0.082821
0.019630
0.003453
0.091707
0.010713
0.407537
0.016067
0.143023
0.145527
0.030950
0.003113
0.069105
0.025259
0.010964
0.049496
0.418555
0.060603
0.043293
0.006174
0.087423
0.176990
0.065021
0.021730
0.114261
0.009808
0.068115
0.014656
0.030985
0.003046
0.020686
0.009053
0.183031
0.050600
0.009352
0.005695
0.006185
0.030757
0.026266
0.030048
0.003957
0.002012
0.065212
0.006391
0.113611
0.005573
0.088143
0.012039
0.012442
0.013432
0.068678
0.034622
0.037423
0.084228
0.128565
0.075505
0.031472
0.010572
0.010031
0.015104
0.017238
0.076716
0.009959
0.043907
0.009410
0.046197
0.061933
0.082308
0.139344
0.005141
0.066657
0.020819
0.004988
0.048489
0.014675
0.061268
0.028269
0.096264
0.027266
0.007497
0.009654
0.008100
0.083113
0.023986
0.057066
0.062375
0.047950
0.187153
0.024059
0.008200
0.218041
0.005464
0.068994
0.256912
0.021601
0.040593
0.045518
0.021476
0.007639
0.022760
0.046363
0.372043
0.008999
0.062864
0.074678
0.061885
0.014827
0.036934
0.154800
0.007712
0.047812
0.023174
0.008723
0.029308
0.007361
0.007891
0.013406
0.041329
0.040164
0.020164
0.105625
0.021646
0.045479
0.194210
0.003835
0.071012
0.003100
0.013257
0.058952
0.046299
0.014187
0.083441
0.152904
0.021572
0.042479
0.112847
0.380664
0.028145
0.341563
0.053586
0.072443
0.020729
0.018966
0.073378
0.004361
0.074581
0.018424
0.072572
0.055259
0.047057
0.203784
0.033721
0.074455
0.010519
0.011030
0.039633
0.029052
0.005504
0.014938
0.111895
0.004382
0.068451
0.062612
0.056394
0.004984
0.034977
0.011813
0.004594
0.022988
0.027385
0.028575
0.072643
0.057093
0.009049
0.064393
0.008901
0.060030
0.040268
0.099601
0.084441
0.030842
0.026282
0.043421
0.074926
0.011669
0.076436
0.068625
0.022927
0.077225
0.014721
0.006921
0.045072
0.016348
0.054195
0.007258
0.009828
0.017791
0.121728
0.058192
0.079912
0.074569
0.095029
0.103866
0.034518
0.005684
0.013001
0.086511
0.001319
0.003878
0.021347
0.010223
0.024421
0.048047
0.017183
0.050579
0.073607
0.056765
0.036555
0.057013
0.079659
0.125954
0.099607
0.029254
0.047586
0.153963
0.100117
0.056799
0.012420
0.218649
0.020669
0.167023
0.013260
0.035853
0.016667
0.047742
0.026498
0.089793
0.040715
0.018565
0.159202
0.016539
0.005594
0.050379
0.298365
0.004682
0.016673
0.194646
0.064644
0.093547
0.028508
0.102967
0.199095
0.026598
0.150273
0.016352
0.021647
0.111535
0.034108
0.021753
0.135015
0.047274
0.149275
0.045756
0.024665
0.064518
0.004987
0.109015
0.015347
0.016706
0.052845
0.026199
0.042811
0.015685
0.037866
0.367708
0.012362
0.020966
0.006922
0.165321
0.037437
0.020796
0.183907
0.027611
0.127347
0.019426
0.081957
0.167801
0.111069
0.021295
0.012893
0.005143
0.032108
0.050336
0.015444
0.081348
0.038500
0.114937
0.012951
0.123799
0.046605
0.025079
0.020500
0.010225
0.007154
0.086035
0.272302
0.219360
0.049190
0.013880
0.054341
0.040833
0.025195
0.004314
0.037049
0.034615
0.008698
0.190842
0.154056
0.129060
0.118967
0.020756
0.011719
0.085609
0.013516
0.040764
0.018468
0.010652
0.043157
0.077818
0.094118
0.006363
0.163043
0.005019
0.097704
0.034941
0.010841
0.182626
0.133308
0.005219
0.051324
0.030589
0.021234
0.205301
0.130173
0.208735
0.014003
0.061193
0.011682
0.045177
0.027993
0.060874
0.056327
0.005794
0.025207
0.015961
0.150936
0.100032
0.003421
0.135613
0.032111
0.033454
0.007771
0.018229
0.050252
0.045853
0.016104
0.009309
0.006084
0.128454
0.297099
0.127698
0.003264
0.220794
0.013172
0.083041
0.007042
0.092309
0.081527
0.015184
0.031570
0.033481
0.162042
0.012207
0.015830
0.024045
0.005793
0.046331
0.026830
0.057555
0.067660
0.144674
0.041200
0.070438
0.149969
0.007995
0.081269
0.167329
0.003214
0.020357
0.087385
0.075020
0.006904
0.143764
0.004823
0.052878
0.078525
0.007162
0.026678
0.020183
0.071461
0.028978
0.041049
0.047684
0.154645
0.041873
0.040302
0.044764
0.074837
0.022983
0.009586
0.011008
0.096179
0.035792
0.030274
0.078082
0.005621
0.016523
0.316964
0.021540
0.034279
0.053040
0.100729
0.026222
0.034969
0.165130
0.002148
0.014639
0.029814
0.015135
0.015217
0.007251
0.054385
0.031227
0.051344
0.010083
0.004798
0.039951
0.049882
0.050996
0.032203
0.176982
0.015733
0.021325
0.102009
0.024258
0.271887
0.013799
0.006858
0.183232
0.026300
0.008246
0.034145
0.010893
0.152020
0.029471
0.079516
0.028317
0.062870
0.218234
0.010948
0.136621
0.015256
0.085736
0.039013
0.020793
0.015261
0.019756
0.090836
0.101243
0.018720
0.010562
0.020309
0.083853
0.002700
0.034696
0.002920
0.008203
0.165215
0.052360
0.063531
0.026521
0.030130
0.031807
0.037383
0.033280
0.012126
0.021692
0.059472
0.111113
0.084995
0.037696
0.023104
0.176624
0.015721
0.028404
0.062259
0.034188
0.155618
0.057083
0.218663
0.112360
0.039658
0.052837
0.002423
0.148731
0.009806
0.004913
0.031775
0.007959
0.190439
0.053007
0.075984
0.142659
0.005811
0.012544
0.087394
0.005960
0.027736
0.027139
0.008447
0.059638
0.047914
0.034486
0.000894
0.044077
0.013386
0.006803
0.017289
0.040218
0.008448
0.067193
0.091195
0.007105
0.035653
0.019373
0.034062
0.069231
0.030976
0.051362
0.064046
0.030641
0.020537
0.119111
0.153618
0.101837
0.095544
0.067713
0.038525
0.015150
0.014485
0.084765
0.033306
0.050051
0.010326
0.016133
0.019685
0.016179
0.002567
0.031999
0.079131
0.115217
0.078125
0.039766
0.007627
0.023123
0.015673
0.011422
0.024521
0.207454
0.056298
0.053564
0.170385
0.075354
0.036099
0.204740
0.037618
0.029201
0.031764
0.200594
0.051601
0.082438
0.061270
0.069147
0.061916
0.015580
0.059883
0.160697
0.011433
0.004383
0.185513
0.051661
0.021778
0.056717
0.014809
0.049395
0.015932
0.016330
0.009244
0.009785
0.013169
0.029162
0.025672
0.014868
0.089209
0.002693
0.011876
0.107417
0.053855
0.004996
0.049556
0.003402
0.048643
0.006536
0.012505
0.006556
0.040314
0.032640
0.005581
0.001682
0.052992
0.030973
0.036900
0.010279
0.066882
0.050587
0.016656
0.029380
0.064284
0.040041
0.011734
0.065059
0.009192
0.075659
0.015263
0.007149
0.081043
0.009398
0.019144
0.029446
0.017355
0.027943
0.091513
0.086342
0.048896
0.115906
0.102304
0.043401
0.001481
0.026387
0.057881
0.010662
0.030987
0.003079
0.010782
0.005666
0.023415
0.009984
0.210259
0.006531
0.069251
0.007843
0.013040
0.026554
0.018292
0.069124
0.045716
0.192127
0.108418
0.016612
0.005180
0.023866
0.010013
0.096709
0.096400
0.014648
0.022259
0.007360
0.018169
0.002324
0.036429
0.018222
0.184675
0.048119
0.036001
0.094629
0.013444
0.027807
0.062330
0.011270
0.063385
0.066622
0.156106
0.079112
0.011908
0.006547
0.061218
0.006451
0.012521
0.006471
0.014293
0.067951
0.118106
0.006055
0.002514
0.055340
0.005551
0.008881
0.168724
0.021086
0.152620
0.017932
0.048010
0.063543
0.020377
0.027608
0.008839
0.074653
0.023812
0.128826
0.038298
0.026967
0.079865
0.012706
0.002141
0.049488
0.047222
0.056300
0.010266
0.014450
0.107921
0.038954
0.004890
0.032749
0.026824
0.026351
0.014569
0.055600
0.030890
0.013509
0.071628
0.018961
0.027808
0.041411
0.067687
0.045165
0.010415
0.158794
0.062709
0.002317
0.102937
0.005977
0.155523
0.008601
0.026397
0.004155
0.043281
0.011761
0.001025
0.041345
0.142231
0.017197
0.010559
0.026495
0.110514
0.116483
0.092443
0.169587
0.019923
0.011212
0.009184
0.003127
0.019762
0.007089
0.300765
0.010871
0.098924
0.008948
0.032724
0.022542
0.136339
0.004195
0.030079
0.022128
0.036066
0.079215
0.102791
0.109596
0.064413
0.002049
0.081817
0.046494
0.005866
0.044725
0.020827
0.020418
0.025965
0.002350
0.060634
0.044064
0.050666
0.032872
0.118939
0.032604
0.143960
0.072305
0.035396
0.019206
0.016163
0.003881
0.163681
0.098845
0.004494
0.120213
0.003898
0.070355
0.022550
0.114009
0.013655
0.024139
0.053149
0.027634
0.150926
0.069516
0.019984
0.006608
0.005713
0.032877
0.124240
0.028891
0.113621
0.140200
0.106950
0.050864
0.009732
0.073365
0.062089
0.168334
0.075833
0.005434
0.017989
0.102856
0.026137
0.027475
0.028856
0.003742
0.007725
0.117847
0.031984
0.009745
0.004835
0.019873
0.029055
0.032550
0.185111
0.016232
0.018771
0.131789
0.066915
0.068988
0.003059
0.064453
0.059371
0.008288
0.051252
0.054123
0.002799
0.071376
0.129050
0.026253
0.019924
0.022137
0.007804
0.140496
0.013980
0.031672
0.013467
0.010775
0.006792
0.099618
0.031730
0.014375
0.008607
0.237134
0.029942
0.074369
0.014654
0.118773
0.211043
0.032467
0.052240
0.031310
0.067619
0.123504
0.361861
0.006508
0.017601
0.066941
0.008022
0.056583
0.029090
0.009761
0.012029
0.050211
0.082127
0.085023
0.246760
0.051094
0.037193
0.036407
0.038567
0.002696
0.010944
0.144591
0.025948
0.006212
0.032002
0.037895
0.069202
0.023344
0.006268
0.007024
0.016822
0.054461
0.036314
0.012869
0.033106
0.048455
0.056776
0.009750
0.011150
0.046409
0.018444
0.038504
0.005705
0.299225
0.023680
0.029071
0.042510
0.094628
0.067527
0.014543
0.028677
0.076632
0.017168
0.027870
0.068619
0.015728
0.010237
0.084613
0.029910
0.022290
0.140238
0.086254
0.003878
0.051559
0.010728
0.091976
0.012789
0.026525
0.057492
0.053574
0.013849
0.007529
0.030860
0.066525
0.005128
0.078812
0.010838
0.022391
0.347005
0.096528
0.008697
0.224482
0.074782
0.016940
0.070078
0.019619
0.043813
0.056081
0.102828
0.097111
0.076910
0.025003
0.048095
0.153255
0.022441
0.081887
0.042904
0.009396
0.023159
0.057692
0.005509
0.099031
0.013928
0.049017
0.034699
0.069534
0.026992
0.032621
0.017514
0.044175
0.004376
0.030656
0.011830
0.061752
0.033948
0.115970
0.031772
0.021837
0.009590
0.132203
0.116957
0.070300
0.008543
0.414252
0.017075
0.015294
0.142071
0.013021
0.039575
0.166387
0.132553
0.006485
0.014247
0.045973
0.006689
0.015594
0.005207
0.106459
0.079955
0.011393
0.233608
0.339005
0.171353
0.094093
0.027616
0.007093
0.011898
0.034221
0.103186
0.023278
0.084956
0.011399
0.011769
0.098983
0.111913
0.025954
0.035231
0.032011
0.006090
0.004837
0.007670
0.104510
0.031928
0.069105
0.020054
0.009585
0.009505
0.010642
0.029685
0.038590
0.005861
0.008361
0.007294
0.028356
0.076637
0.022022
0.034206
0.041817
0.009092
0.041093
0.018687
0.037376
0.070312
0.013988
0.006349
0.101908
0.140831
0.090541
0.090942
0.096945
0.197632
0.092468
0.061914
0.075060
0.007912
0.003071
0.021958
0.023111
0.048556
0.116464
0.010669
0.007739
0.099677
0.005066
0.063846
0.112792
0.136995
0.045170
0.098287
0.060334
0.040429
0.027318
0.038071
0.056330
0.068215
0.081144
0.172189
0.137986
0.023011
0.020578
0.006024
0.041381
0.035485
0.032864
0.007218
0.069038
0.115587
0.334743
0.022042
0.092514
0.008386
0.019793
0.075178
0.065505
0.021174
0.002940
0.028128
0.089813
0.017058
0.027081
0.031935
0.029629
0.126634
0.014250
0.070378
0.142587
0.008970
0.055071
0.040986
0.034258
0.141344
0.018784
0.119101
0.321962
0.051573
0.084281
0.076036
0.096378
0.022229
0.125997
0.037583
0.082639
0.036220
0.054942
0.034952
0.088600
0.012673
0.015271
0.012376
0.032905
0.010545
0.074509
0.009555
0.029348
0.001935
0.092184
0.052337
0.005621
0.003448
0.015754
0.069233
0.014640
0.105559
0.332589
0.023422
0.099083
0.003510
0.105000
0.027867
0.015215
0.165253
0.130037
0.053575
0.046845
0.125267
0.006754
0.033477
0.026977
0.130152
0.131441
0.093882
0.002957
0.007955
0.123783
0.106706
0.040339
0.158383
0.063732
0.023023
0.063590
0.051677
0.026863
0.016251
0.006185
0.028527
0.063833
0.027868
0.357733
0.034570
0.060614
0.016028
0.270985
0.024860
0.063809
0.037371
0.097272
0.043062
0.020257
0.005380
0.151664
0.011844
0.021463
0.011824
0.095760
0.127074
0.018191
0.034339
0.040167
0.049601
0.007867
0.005442
0.042490
0.018240
0.019605
0.047769
0.083062
0.038377
0.004603
0.058148
0.013745
0.005629
0.069685
0.101154
0.015012
0.004661
0.069571
0.005521
0.008882
0.048553
0.017950
0.005205
0.045270
0.004508
0.076248
0.066114
0.088094
0.019688
0.086682
0.017467
0.018987
0.094254
0.053685
0.033085
0.036610
0.026346
0.078870
0.024543
0.014777
0.017737
0.063224
0.106426
0.114028
0.030542
0.012294
0.027322
0.025061
0.024498
0.070282
0.082434
0.005333
0.121708
0.062446
0.004345
0.011450
0.086796
0.005260
0.035834
0.011190
0.071671
0.025870
0.008970
0.062174
0.006475
0.019010
0.007554
0.062825
0.224859
0.018046
0.126030
0.033566
0.113248
0.074860
0.021926
0.023946
0.038394
0.141727
0.096885
0.006470
0.006910
0.005271
0.020053
0.007762
0.060056
0.006830
0.043808
0.013845
0.085208
0.150768
0.083570
0.091103
0.083065
0.061084
0.134153
0.035298
0.020783
0.012457
0.034425
0.036845
0.034894
0.092597
0.116920
0.154797
0.006389
0.102082
0.010781
0.024025
0.043355
0.032425
0.074286
0.048680
0.014413
0.038538
0.128822
0.133560
0.020095
0.028461
0.018479
0.001586
0.043754
0.120227
0.010806
0.214862
0.032018
0.034314
0.100685
0.039565
0.139695
0.017318
0.041056
0.076933
0.027610
0.026846
0.099025
0.001099
0.042426
0.011223
0.035774
0.134615
0.057621
0.063552
0.028294
0.019346
0.002531
0.005596
0.074523
0.018765
0.053505
0.100718
0.148413
0.025687
0.038338
0.028684
0.035884
0.060212
0.091153
0.035356
0.009500
0.042237
0.021283
0.006383
0.006773
0.007995
0.006541
0.069328
0.128917
0.010452
0.040949
0.002758
0.334434
0.013151
0.021278
0.010188
0.023557
0.148345
0.081746
0.034986
0.023462
0.022343
0.020112
0.034994
0.212883
0.014453
0.035748
0.077248
0.066109
0.146981
0.064855
0.167092
0.059959
0.027581
0.085636
0.068929
0.021077
0.006130
0.016651
0.195010
0.014466
0.003125
0.012677
0.182254
0.011093
0.052718
0.008050
0.017417
0.088550
0.031145
0.047975
0.021554
0.011209
0.032564
0.077138
0.186540
0.123944
0.020945
0.028414
0.043330
0.020976
0.062526
0.033793
0.010962
0.029784
0.113193
0.070845
0.008358
0.049424
0.016290
0.051194
0.128118
0.122056
0.047592
0.047054
0.020458
0.111252
0.010500
0.044072
0.036133
0.148635
0.028482
0.249126
0.016733
0.040698
0.096698
0.046763
0.022472
0.012892
0.048802
0.028908
0.016330
0.061612
0.208106
0.198199
0.057499
0.111418
0.006653
0.013467
0.125277
0.057369
0.062592
0.021442
0.168004
0.105504
0.020833
0.047279
0.016627
0.013305
0.009054
0.004325
0.067166
0.006839
0.021190
0.140363
0.056985
0.030489
0.152058
0.059399
0.015361
0.055098
0.056823
0.008978
0.105155
0.031367
0.014099
0.011933
0.029867
0.021689
0.351016
0.013685
0.043858
0.036532
0.016851
0.413331
0.142025
0.137367
0.026236
0.208835
0.068390
0.010493
0.085173
0.006133
0.010192
0.159684
0.063573
0.012916
0.044887
0.009872
0.083038
0.093877
0.020486
0.136160
0.006351
0.014839
0.112901
0.070012
0.016661
0.076323
0.027840
0.061560
0.299712
0.008571
0.151887
0.027968
0.052146
0.032989
0.043177
0.022220
0.094485
0.008290
0.017803
0.037037
0.001549
0.090628
0.105292
0.049462
0.071226
0.072587
0.025477
0.060683
0.108899
0.008373
0.006537
0.127075
0.015793
0.072817
0.036957
0.082737
0.007925
0.070950
0.005176
0.011535
0.005587
0.152581
0.054525
0.015132
0.050139
0.029872
0.090169
0.087961
0.008883
0.003022
0.157135
0.227588
0.071086
0.154020
0.001108
0.055291
0.121708
0.007663
0.002071
0.038955
0.018908
0.012797
0.009095
0.008905
0.065569
0.102816
0.017308
0.024818
0.023122
0.012570
0.128957
0.017115
0.082110
0.175515
0.023003
0.045826
0.010924
0.025454
0.045449
0.133907
0.067724
0.060835
0.025034
0.012935
0.104403
0.407246
0.002701
0.005438
0.005772
0.121070
0.036899
0.013650
0.051107
0.067036
0.032002
0.080649
0.087475
0.062334
0.088009
0.010203
0.011645
0.161625
0.015418
0.084093
0.003239
0.027726
0.057681
0.089313
0.011141
0.025117
0.008290
0.034423
0.207344
0.022296
0.072692
0.003111
0.156166
0.035210
0.024220
0.327697
0.089603
0.057895
0.011661
0.075559
0.025798
0.030062
0.007619
0.072481
0.007319
0.012646
0.025110
0.004848
0.202231
0.256089
0.009062
0.032671
0.085180
0.057430
0.011442
0.022874
0.049901
0.073993
0.086161
0.052480
0.029273
0.121189
0.021713
0.070085
0.064400
0.095068
0.032928
0.005296
0.063065
0.103312
0.023839
0.020703
0.040404
0.013835
0.048780
0.068033
0.056071
0.236816
0.016104
0.008873
0.006783
0.122785
0.100213
0.076218
0.125674
0.080858
0.144320
0.054640
0.005907
0.085719
0.016497
0.085082
0.055230
0.005467
0.031691
0.004313
0.007679
0.173060
0.090063
0.332100
0.041874
0.081692
0.121681
0.059854
0.003653
0.106319
0.028272
0.035996
0.043501
0.013524
0.010245
0.071744
0.017018
0.053485
0.134147
0.021743
0.221717
0.293795
0.118572
0.005828
0.005032
0.285759
0.010965
0.005952
0.138970
0.007828
0.039552
0.111461
0.057955
0.139338
0.071458
0.057595
0.062162
0.031282
0.126997
0.009152
0.016526
0.034699
0.192492
0.060032
0.026504
0.024450
0.027067
0.027328
0.064452
0.114435
0.004810
0.008577
0.017921
0.196592
0.030764
0.010770
0.010065
0.083547
0.084013
0.031839
0.041195
0.030611
0.034037
0.011205
0.012660
0.060252
0.369503
0.046455
0.010789
0.049070
0.106269
0.042100
0.008217
0.011823
0.129890
0.114524
0.011705
0.046252
0.017675
0.006632
0.006187
0.059517
0.032654
0.014877
0.040913
0.009210
0.009918
0.086356
0.058359
0.085097
0.126958
0.033562
0.143983
0.004216
0.063559
0.130311
0.005542
0.040391
0.002486
0.006840
0.047525
0.034570
0.006356
0.023390
0.032178
0.007136
0.028235
0.059102
0.006924
0.015160
0.040607
0.124624
0.020315
0.190793
0.031742
0.053642
0.137989
0.057453
0.040713
0.032907
0.070726
0.002173
0.006885
0.022287
0.281741
0.114030
0.118500
0.026734
0.068452
0.063402
0.106006
0.039887
0.265710
0.057684
0.005243
0.166162
0.239057
0.080859
0.142464
0.238151
0.023623
0.049255
0.021276
0.034840
0.006340
0.042921
0.021408
0.109338
0.009542
0.020034
0.105599
0.040839
0.006627
0.034110
0.055941
0.017619
0.069722
0.094144
0.019253
0.021883
0.098165
0.187484
0.024619
0.090804
0.007803
0.029870
0.037685
0.031611
0.016705
0.016790
0.269850
0.203618
0.083271
0.047116
0.069212
0.024278
0.054846
0.011525
0.027910
0.384109
0.015189
0.070766
0.011836
0.081195
0.026362
0.023913
0.055115
0.045339
0.085654
0.093556
0.016495
0.037567
0.013388
0.084452
0.008175
0.003251
0.038617
0.049599
0.011860
0.049678
0.002613
0.045154
0.075582
0.049962
0.003309
0.013300
0.056174
0.074264
0.012983
0.023591
0.055497
0.027351
0.098773
0.039863
0.106137
0.012745
0.021899
0.185523
0.013587
0.100611
0.128057
0.014587
0.014419
0.161702
0.226926
0.162021
0.034590
0.065770
0.022444
0.027856
0.216439
0.062988
0.097621
0.067501
0.048666
0.013094
0.011755
0.017753
0.059811
0.015834
0.010243
0.096397
0.333623
0.084704
0.005952
0.038881
0.006580
0.047516
0.036504
0.085628
0.064452
0.074494
0.070045
0.032804
0.022757
0.016163
0.113755
0.003760
0.038384
0.012851
0.043314
0.030183
0.024424
0.072436
0.135603
0.009419
0.077751
0.020293
0.068571
0.018391
0.039954
0.025912
0.108672
0.010502
0.064885
0.027661
0.128537
0.066480
0.060380
0.148439
0.257342
0.012572
0.001685
0.015422
0.019090
0.070967
0.075186
0.033782
0.003254
0.145905
0.198469
0.021487
0.009275
0.005489
0.004344
0.084821
0.146604
0.021965
0.034629
0.239890
0.359417
0.190298
0.004904
0.006030
0.003319
0.097099
0.012600
0.007062
0.083870
0.013528
0.008924
0.034310
0.014193
0.199961
0.125690
0.009284
0.024425
0.016274
0.047183
0.047240
0.016758
0.212050
0.150906
0.026479
0.029441
0.044900
0.019238
0.103935
0.063315
0.031444
0.075496
0.005784
0.071004
0.238813
0.043078
0.103697
0.106270
0.014685
0.002346
0.029137
0.031540
0.020579
0.093725
0.025379
0.037393
0.002694
0.017890
0.045709
0.008721
0.014780
0.179400
0.010627
0.021279
0.012092
0.073236
0.088504
0.017859
0.045739
0.034571
0.064829
0.010592
0.029040
0.127250
0.103647
0.037215
0.088794
0.048441
0.003612
0.049353
0.111953
0.388891
0.004224
0.002936
0.010250
0.070764
0.089977
0.012158
0.056232
0.002628
0.061603
0.011878
0.178630
0.042374
0.097421
0.013821
0.015892
0.123344
0.006210
0.007192
0.076447
0.286552
0.040959
0.020320
0.004189
0.009682
0.022368
0.083295
0.134291
0.088819
0.093864
0.026733
0.005811
0.089345
0.136642
0.089795
0.055627
0.003438
0.033617
0.139468
0.005618
0.049363
0.283994
0.023759
0.329039
0.160441
0.060768
0.037857
0.079666
0.011153
0.321722
0.023680
0.006390
0.101945
0.049034
0.008570
0.070211
0.004066
0.044791
0.045743
0.026400
0.022690
0.012449
0.224208
0.016988
0.007645
0.020842
0.006938
0.351017
0.018473
0.215439
0.181923
0.127967
0.068736
0.192812
0.119634
0.020072
0.022223
0.018958
0.009483
0.010469
0.017943
0.004092
0.291886
0.018279
0.104280
0.042489
0.029298
0.062800
0.022062
0.040655
0.003698
0.004263
0.213293
0.016974
0.008233
0.009566
0.132995
0.138803
0.018677
0.036345
0.121676
0.022151
0.002784
0.026469
0.022563
0.010394
0.020056
0.144973
0.019264
0.013248
0.064613
0.099825
0.100784
0.169012
0.107416
0.063251
0.068172
0.015311
0.022544
0.017603
0.042039
0.025956
0.002084
0.150621
0.083188
0.067027
0.023248
0.043961
0.051799
0.023390
0.175595
0.003728
0.049172
0.075092
0.088794
0.016946
0.139078
0.072439
0.065866
0.021658
0.063487
0.073877
0.046815
0.011185
0.069714
0.009671
0.020263
0.029384
0.020845
0.065038
0.023587
0.033856
0.121205
0.023373
0.123867
0.071628
0.015262
0.014240
0.039474
0.060294
0.011334
0.064274
0.023564
0.013223
0.027689
0.014191
0.085634
0.095842
0.010234
0.144232
0.034011
0.018783
0.056173
0.020352
0.027124
0.003102
0.308659
0.340687
0.090383
0.016107
0.060365
0.045385
0.027432
0.061888
0.355765
0.048834
0.092326
0.012964
0.098028
0.008636
0.156864
0.020915
0.214856
0.023294
0.008649
0.093266
0.023268
0.022208
0.032448
0.216461
0.054732
0.086624
0.008814
0.045059
0.022400
0.180678
0.025732
0.050765
0.179246
0.047736
0.004854
0.041501
0.023691
0.028982
0.040188
0.019204
0.133092
0.143401
0.003987
0.006972
0.011710
0.000511
0.004884
0.018009
0.078083
0.093502
0.023408
0.129809
0.112068
0.114126
0.034914
0.004112
0.060707
0.093290
0.099357
0.010224
0.008829
0.036949
0.113041
0.038983
0.048055
0.080696
0.031716
0.036187
0.126275
0.005929
0.214367
0.034970
0.010116
0.201164
0.059198
0.107695
0.023500
0.005801
0.067779
0.207331
0.038749
0.005344
0.008273
0.016803
0.101596
0.015518
0.006195
0.050009
0.184569
0.038093
0.012275
0.043649
0.002755
0.005150
0.044475
0.053014
0.003411
0.076064
0.008081
0.037650
0.018873
0.005564
0.009023
0.024855
0.009219
0.050415
0.009923
0.175760
0.024972
0.161194
0.199019
0.194987
0.033675
0.110073
0.014069
0.025894
0.004768
0.108279
0.021762
0.053659
0.015685
0.013355
0.005100
0.032839
0.021414
0.057569
0.043484
0.012896
0.049831
0.036644
0.043657
0.005717
0.188588
0.066597
0.010345
0.027252
0.063481
0.178478
0.005650
0.092075
0.005888
0.070981
0.155429
0.010838
0.004399
0.008666
0.149608
0.017017
0.010774
0.005892
0.026146
0.004957
0.013755
0.026638
0.059448
0.070944
0.005445
0.051845
0.005817
0.027261
0.014078
0.005860
0.038488
0.062008
0.011084
0.018411
0.019144
0.001087
0.002010
0.031290
0.053223
0.013699
0.076054
0.075553
0.075383
0.016913
0.081958
0.025271
0.010197
0.004631
0.037263
0.014312
0.032320
0.025773
0.087698
0.018342
0.005309
0.018431
0.092427
0.025900
0.141851
0.131195
0.051829
0.002803
0.033521
0.059928
0.038997
0.008088
0.014909
0.053332
0.009233
0.149955
0.017470
0.004441
0.022024
0.202586
0.096980
0.005208
0.005808
0.096741
0.090247
0.002902
0.008610
0.041139
0.156929
0.006921
0.199572
0.088905
0.041752
0.066898
0.127472
0.006827
0.053344
0.007006
0.027210
0.076662
0.164981
0.056939
0.005662
0.219956
0.010613
0.012429
0.069284
0.005431
0.057414
0.015432
0.153274
0.218384
0.146748
0.009788
0.031440
0.017462
0.005694
0.018510
0.063767
0.050861
0.001699
0.070910
0.223669
0.116182
0.047380
0.001981
0.010626
0.086481
0.050477
0.024524
0.010917
0.120119
0.044066
0.205475
0.062828
0.005992
0.140960
0.018468
0.013234
0.012348
0.104950
0.018897
0.013713
0.270903
0.011408
0.040297
0.075240
0.007693
0.006088
0.014317
0.040338
0.043334
0.102679
0.154417
0.018581
0.040914
0.090647
0.091874
0.007457
0.075075
0.036720
0.006503
0.089979
0.097994
0.032263
0.079984
0.017729
0.055148
0.302351
0.032186
0.119931
0.008260
0.025740
0.004969
0.042098
0.086207
0.129397
0.034113
0.118305
0.305972
0.167984
0.088438
0.016617
0.018915
0.134103
0.087480
0.011647
0.013840
0.035672
0.034240
0.014068
0.031463
0.017970
0.103510
0.006247
0.005104
0.009999
0.046152
0.037669
0.016089
0.003784
0.032581
0.022274
0.083800
0.097746
0.048232
0.063922
0.140022
0.106400
0.018435
0.041622
0.011968
0.025680
0.011521
0.068595
0.184594
0.061698
0.298844
0.109633
0.028348
0.028624
0.082151
0.037775
0.008050
0.012027
0.043594
0.109741
0.012935
0.015783
0.038721
0.224090
0.063250
0.011325
0.015317
0.029011
0.016494
0.042375
0.100268
0.045177
0.008400
0.056668
0.011910
0.092823
0.008473
0.013817
0.082490
0.005525
0.276267
0.073567
0.007658
0.007190
0.003520
0.009073
0.009800
0.152919
0.053833
0.008947
0.008985
0.165415
0.162407
0.015492
0.065873
0.049959
0.021968
0.081126
0.065878
0.087217
0.032987
0.064436
0.036434
0.021372
0.061794
0.048836
0.024735
0.094420
0.012500
0.041124
0.021511
0.004480
0.009509
0.102809
0.114733
0.075632
0.036000
0.005361
0.008841
0.004174
0.091141
0.009359
0.024054
0.076888
0.055191
0.218695
0.031033
0.027082
0.031386
0.118850
0.166044
0.053685
0.077534
0.008503
0.075778
0.090682
0.155903
0.016711
0.023492
0.090744
0.044267
0.012978
0.069137
0.012972
0.028623
0.024771
0.007180
0.036740
0.056789
0.044055
0.004504
0.055252
0.015202
0.010127
0.070912
0.052514
0.020296
0.127071
0.021530
0.055105
0.006055
0.006204
0.003787
0.069187
0.025537
0.018329
0.023431
0.034545
0.034884
0.018059
0.034326
0.001975
0.065976
0.030664
0.241843
0.125638
0.065934
0.131755
0.023311
0.041534
0.325723
0.011048
0.092398
0.117327
0.214704
0.074343
0.121714
0.009133
0.012223
0.011446
0.068552
0.083958
0.014223
0.189458
0.010983
0.012707
0.036522
0.018789
0.131735
0.011572
0.006529
0.026240
0.002259
0.038615
0.029927
0.059591
0.029793
0.026503
0.026123
0.013568
0.002418
0.020154
0.007056
0.099600
0.061829
0.011886
0.078420
0.045301
0.123530
0.039691
0.370291
0.157790
0.132178
0.044423
0.132533
0.064755
0.019851
0.014799
0.006470
0.027435
0.069493
0.055958
0.013883
0.019078
0.056185
0.006390
0.100305
0.158571
0.015504
0.020253
0.010042
0.024823
0.031101
0.279273
0.008749
0.043349
0.081968
0.089249
0.037455
0.032961
0.229611
0.009854
0.006996
0.170256
0.056824
0.005374
0.130234
0.038102
0.018865
0.005233
0.026920
0.010524
0.043939
0.144728
0.140652
0.004259
0.013827
0.167323
0.029135
0.013596
0.047397
0.134118
0.044497
0.119345
0.074971
0.010377
0.082926
0.027110
0.037609
0.104403
0.004283
0.158038
0.088575
0.013229
0.067517
0.027210
0.021702
0.018652
0.028960
0.011009
0.001526
0.094855
0.012346
0.013817
0.081230
0.007369
0.029849
0.103700
0.006743
0.036258
0.078964
0.087383
0.003194
0.100468
0.017004
0.054143
0.020358
0.007296
0.004810
0.007306
0.010517
0.103469
0.008434
0.036014
0.060178
0.026511
0.034212
0.183086
0.005883
0.004831
0.021209
0.084797
0.019852
0.068342
0.072371
0.067779
0.119991
0.028016
0.098782
0.033839
0.009613
0.012813
0.042773
0.280728
0.125823
0.181178
0.009990
0.054305
0.082456
0.013812
0.022094
0.016136
0.116768
0.190533
0.132682
0.012805
0.130221
0.021360
0.108853
0.008081
0.109423
0.140366
0.012944
0.016038
0.012413
0.040302
0.175074
0.035931
0.086123
0.121447
0.036302
0.010934
0.080283
0.063223
0.054480
0.052696
0.008111
0.030167
0.046065
0.011603
0.026947
0.044335
0.025155
0.086083
0.004410
0.178530
0.193419
0.034354
0.014819
0.098328
0.132585
0.192332
0.025999
0.050545
0.065585
0.024646
0.054089
0.014888
0.013862
0.063792
0.000778
0.008304
0.015418
0.006971
0.094901
0.019891
0.009135
0.023409
0.027466
0.143958
0.173052
0.018756
0.099824
0.006770
0.053897
0.069193
0.151315
0.011149
0.029744
0.128359
0.068792
0.043056
0.053140
0.038614
0.008282
0.254127
0.027304
0.016022
0.018081
0.148170
0.091200
0.036171
0.009197
0.028056
0.015050
0.048343
0.017917
0.318644
0.293889
0.079208
0.061879
0.036838
0.047289
0.047116
0.087287
0.019474
0.011548
0.018680
0.006503
0.018217
0.237512
0.028209
0.039391
0.143147
0.027796
0.060254
0.026668
0.021292
0.288509
0.017217
0.084786
0.004980
0.025987
0.081857
0.008549
0.006392
0.052674
0.053433
0.024804
0.096171
0.019780
0.064350
0.032177
0.063608
0.059400
0.005443
0.006019
0.191207
0.036727
0.007190
0.224421
0.072669
0.140122
0.014555
0.057897
0.051791
0.040049
0.012512
0.043695
0.050195
0.078117
0.076203
0.166488
0.054264
0.012919
0.007731
0.010375
0.005498
0.163183
0.015371
0.011458
0.093479
0.034445
0.013268
0.063029
0.025742
0.027042
0.064870
0.028375
0.115765
0.056038
0.014376
0.033799
0.085434
0.060565
0.004769
0.003465
0.007431
0.026364
0.019893
0.029605
0.022649
0.008089
0.016381
0.056304
0.098467
0.009843
0.029710
0.326039
0.045909
0.207198
0.009644
0.091899
0.004015
0.026200
0.096012
0.074699
0.030935
0.011639
0.014893
0.035948
0.014313
0.005232
0.142579
0.028096
0.008532
0.008915
0.028954
0.011478
0.029016
0.042060
0.007555
0.029913
0.104813
0.034491
0.043085
0.011294
0.040813
0.014093
0.018199
0.139555
0.024227
0.058221
0.031790
0.034754
0.076108
0.053112
0.016306
0.165541
0.070939
0.004104
0.086824
0.010106
0.109733
0.009947
0.028416
0.032275
0.017829
0.002858
0.034666
0.033023
0.005802
0.013745
0.135147
0.016723
0.099175
0.004206
0.098266
0.068527
0.051259
0.012204
0.084204
0.062973
0.023002
0.294608
0.005277
0.003508
0.164005
0.040703
0.177717
0.030948
0.097456
0.038901
0.011597
0.004138
0.078400
0.063587
0.024621
0.025050
0.032189
0.092631
0.219784
0.030184
0.137424
0.083329
0.012394
0.024347
0.032404
0.006076
0.027916
0.116545
0.059840
0.030866
0.099634
0.149505
0.152444
0.151797
0.085786
0.042498
0.004804
0.017801
0.078506
0.037103
0.076794
0.009831
0.063185
0.019788
0.050265
0.081498
0.016074
0.009665
0.036433
0.130744
0.028280
0.234487
0.050246
0.075397
0.004135
0.006744
0.010460
0.065109
0.013421
0.016108
0.142138
0.027202
0.006557
0.016360
0.013087
0.136717
0.007597
0.028761
0.146363
0.020565
0.008422
0.064632
0.067128
0.023269
0.137127
0.196833
0.009685
0.043280
0.082725
0.067869
0.081756
0.039488
0.028682
0.068428
0.060031
0.022006
0.010552
0.040678
0.021101
0.174993
0.003355
0.017327
0.045873
0.183227
0.003244
0.148552
0.063418
0.133080
0.116133
0.060557
0.017843
0.075728
0.065268
0.003208
0.035514
0.096890
0.019397
0.083069
0.004894
0.036971
0.095461
0.016082
0.028765
0.013386
0.094065
0.089480
0.021193
0.107611
0.109894
0.008331
0.207796
0.036612
0.014847
0.166045
0.004297
0.087144
0.026895
0.033380
0.021894
0.190455
0.394228
0.008374
0.041390
0.023637
0.005635
0.036670
0.007251
0.028413
0.003716
0.185653
0.064193
0.131411
0.139114
0.133853
0.024459
0.183231
0.042370
0.008806
0.015800
0.019133
0.066307
0.054078
0.028129
0.013358
0.029492
0.019534
0.059175
0.041731
0.031230
0.012643
0.093163
0.015614
0.010599
0.142599
0.053500
0.022982
0.011694
0.010853
0.208951
0.009207
0.103081
0.056392
0.014960
0.072645
0.109591
0.003791
0.097257
0.027630
0.021225
0.007919
0.120770
0.007389
0.005728
0.083493
0.029832
0.015197
0.017819
0.131844
0.046594
0.030358
0.011403
0.045114
0.038806
0.008183
0.033271
0.130349
0.161704
0.003709
0.015020
0.059406
0.177481
0.019523
0.014354
0.084358
0.114234
0.059235
0.011934
0.024392
0.116608
0.083086
0.043163
0.039840
0.245555
0.009526
0.013304
0.012122
0.025302
0.025861
0.179496
0.013333
0.050380
0.028507
0.004185
0.069363
0.014787
0.115103
0.059629
0.320755
0.009056
0.039867
0.097955
0.055484
0.059767
0.040759
0.060189
0.074221
0.144650
0.033848
0.061854
0.013695
0.008865
0.109109
0.095151
0.037344
0.028249
0.063362
0.211248
0.040665
0.040320
0.034501
0.227178
0.054094
0.098864
0.088755
0.008130
0.031068
0.120895
0.040746
0.016897
0.008516
0.013292
0.002431
0.208054
0.023373
0.036286
0.007889
0.104780
0.076959
0.084100
0.004937
0.017067
0.083180
0.042915
0.142528
0.073838
0.006069
0.072449
0.114953
0.014189
0.032315
0.068070
0.010472
0.038459
0.089466
0.249403
0.029556
0.003217
0.074611
0.011956
0.066596
0.060561
0.429336
0.022441
0.024081
0.109442
0.030217
0.013582
0.017311
0.009955
0.026367
0.031169
0.114820
0.054368
0.042702
0.016589
0.106269
0.057571
0.006101
0.013343
0.016965
0.027330
0.097666
0.094828
0.018178
0.115622
0.023074
0.005628
0.041481
0.032288
0.074552
0.044552
0.027845
0.031042
0.091673
0.044908
0.026593
0.006516
0.169970
0.002774
0.106080
0.022589
0.069904
0.031667
0.007654
0.170187
0.022633
0.107069
0.028594
0.017430
0.036091
0.097183
0.131899
0.003024
0.397848
0.027700
0.010476
0.011367
0.026168
0.026771
0.103908
0.063023
0.052314
0.005900
0.096407
0.012732
0.061156
0.079327
0.113992
0.009541
0.017892
0.011985
0.163655
0.007664
0.054825
0.001851
0.037628
0.043703
0.006685
0.015570
0.141785
0.004091
0.026632
0.082117
0.025479
0.055517
0.028485
0.063825
0.014045
0.033492
0.006159
0.037557
0.039103
0.020444
0.103481
0.044944
0.153220
0.130467
0.028280
0.076394
0.026453
0.020449
0.014853
0.128965
0.011030
0.024264
0.045909
0.046553
0.058684
0.120739
0.019821
0.050660
0.088821
0.005331
0.007754
0.043392
0.011825
0.025337
0.010065
0.006007
0.047166
0.017167
0.060916
0.038171
0.070638
0.053243
0.049563
0.016912
0.014086
0.049254
0.011791
0.045077
0.290661
0.004414
0.057170
0.192351
0.220372
0.086601
0.023607
0.034807
0.020697
0.004914
0.005351
0.017613
0.052833
0.019896
0.048319
0.020146
0.066365
0.007107
0.066649
0.011014
0.019722
0.041175
0.001234
0.112115
0.016736
0.028480
0.005198
0.044460
0.141415
0.063065
0.011277
0.037785
0.051090
0.008109
0.054919
0.031810
0.028045
0.162989
0.048930
0.139462
0.009830
0.008685
0.333824
0.037676
0.044551
0.076847
0.032087
0.027104
0.017582
0.010034
0.008504
0.122276
0.039244
0.011234
0.018585
0.008232
0.005438
0.030323
0.001690
0.005786
0.052983
0.021319
0.086938
0.028042
0.022586
0.055843
0.065715
0.065580
0.148103
0.146041
0.129923
0.091387
0.227456
0.056421
0.011792
0.004084
0.026356
0.091780
0.328937
0.077952
0.009283
0.113366
0.021277
0.078816
0.035796
0.098362
0.097108
0.168133
0.043025
0.027259
0.078270
0.055929
0.015495
0.011284
0.005115
0.096091
0.234251
0.054573
0.004689
0.024203
0.070325
0.003535
0.026356
0.098607
0.009371
0.001889
0.116087
0.007129
0.082683
0.034811
0.015771
0.119494
0.016879
0.076537
0.007775
0.050716
0.023211
0.008050
0.168645
0.022323
0.058111
0.055492
0.078363
0.045757
0.011425
0.072588
0.043424
0.023939
0.001770
0.029532
0.048533
0.079808
0.070769
0.008715
0.002515
0.088635
0.121358
0.166221
0.029758
0.080783
0.025364
0.008931
0.069342
0.001749
0.150746
0.040930
0.067230
0.205494
0.021249
0.350864
0.011243
0.084162
0.074845
0.020238
0.024285
0.003074
0.015102
0.057285
0.040154
0.033365
0.018552
0.055460
0.087418
0.005682
0.019623
0.030199
0.014020
0.087783
0.171155
0.033747
0.168616
0.027505
0.024283
0.018057
0.087034
0.070254
0.050476
0.147097
0.018620
0.068277
0.048763
0.077596
0.010735
0.004679
0.011314
0.035018
0.070445
0.068420
0.155421
0.025260
0.024167
0.137753
0.238440
0.193410
0.007103
0.012447
0.054206
0.002138
0.059363
0.044402
0.048806
0.012799
0.033930
0.109277
0.007434
0.046391
0.003247
0.109778
0.055235
0.081041
0.029217
0.045983
0.067372
0.047275
0.037860
0.110519
0.021201
0.058903
0.068870
0.098159
0.213200
0.031311
0.281784
0.022247
0.022699
0.311551
0.103349
0.138661
0.047277
0.007744
0.010000
0.022583
0.130076
0.066386
0.006396
0.019561
0.079416
0.002087
0.083288
0.061376
0.009384
0.020604
0.007235
0.035486
0.139937
0.110053
0.417454
0.011547
0.100714
0.088544
0.032080
0.352329
0.010031
0.027959
0.007042
0.019328
0.104699
0.078133
0.105401
0.274425
0.022371
0.179585
0.033863
0.064936
0.175079
0.028839
0.007719
0.029292
0.178847
0.087469
0.013061
0.183821
0.013290
0.272904
0.022638
0.005521
0.023525
0.103501
0.005156
0.109263
0.128498
0.044960
0.023354
0.032640
0.027226
0.200728
0.062621
0.096246
0.141080
0.056988
0.003423
0.041425
0.071232
0.198986
0.011345
0.007684
0.026459
0.031054
0.021627
