34
27
22
81
34
22
26
23
6
99
23
14
99
33
13
80
25
58
15
92
99
68
83
93
78
64
56
22
16
38
40
6
86
65
60
77
70
102
47
63
25
37
86
106
102
86
13
86
60
35
100
55
73
2
80
101
45
106
30
30
105
75
16
85
98
32
5
45
88
80
67
81
46
52
18
36
46
99
52
26
63
33
36
83
33
31
27
71
35
71
22
32
83
104
47
34
7
84
94
17
73
2
24
82
27
95
88
89
48
94
106
101
107
42
26
45
90
26
23
96
55
87
104
55
34
91
7
30
25
59
86
93
24
55
7
58
75
8
50
27
10
28
49
43
87
10
64
24
83
54
106
74
52
97
40
39
71
18
83
73
13
69
47
86
48
74
95
27
104
99
45
46
95
27
102
87
14
11
106
27
51
86
99
47
73
101
69
1
93
84
46
17
47
66
90
30
81
74
7
28
68
55
83
27
60
74
2
34
93
47
95
18
92
82
72
85
24
13
71
35
24
26
48
24
77
8
74
87
29
38
86
101
45
15
26
38
28
59
23
96
67
45
68
66
69
22
30
24
83
69
62
65
13
72
93
97
42
85
14
32
70
27
10
12
51
62
65
95
60
41
85
32
46
98
11
7
32
36
98
45
23
13
94
50
65
16
15
56
80
23
85
33
16
34
42
91
68
84
44
14
95
7
37
10
19
22
74
82
45
4
45
10
10
57
29
99
34
90
86
45
27
33
91
89
100
34
78
40
75
12
54
31
33
13
54
21
37
74
6
55
76
75
55
83
7
94
47
103
67
94
42
66
34
8
95
48
13
39
86
76
42
6
10
27
31
16
41
5
42
10
88
17
24
37
10
17
27
94
93
105
61
65
2
86
16
89
99
32
63
7
71
102
72
74
64
86
29
93
22
82
50
60
76
103
17
74
66
49
29
93
56
26
50
93
83
73
35
47
26
60
10
90
24
55
32
73
87
60
13
30
34
86
27
65
55
26
59
10
72
82
32
80
99
95
10
86
99
41
86
63
76
74
76
47
71
68
67
91
99
86
102
62
32
50
18
106
83
99
29
34
83
6
42
32
10
77
93
26
90
72
16
79
83
41
64
95
52
53
7
94
106
103
42
7
22
60
47
106
83
22
94
14
65
10
90
29
74
65
87
19
37
61
15
98
75
83
30
45
100
68
100
102
75
35
15
62
4
7
74
19
32
23
7
27
30
93
7
7
86
57
79
94
29
86
42
3
81
45
85
55
3
85
86
73
83
93
101
98
27
29
62
10
7
81
102
27
83
91
10
24
87
100
49
41
82
62
86
107
59
62
86
61
30
47
63
93
56
68
63
6
86
35
17
87
3
11
66
5
32
58
19
44
86
79
25
19
10
72
5
90
24
7
63
51
53
99
71
86
12
87
72
10
24
8
91
23
6
94
57
45
75
28
10
34
14
106
71
43
106
35
46
83
32
27
76
35
26
89
83
64
98
12
83
95
26
22
24
28
49
12
97
66
65
42
94
4
6
86
66
47
22
68
74
77
89
66
97
26
24
42
38
13
26
80
7
14
100
67
30
94
83
50
72
83
78
83
99
60
57
10
27
94
86
47
41
46
102
15
98
29
86
42
22
86
86
26
26
72
70
75
81
10
78
64
63
29
27
46
22
31
49
72
27
95
103
26
60
36
59
39
57
106
12
23
69
83
22
8
41
20
100
68
19
20
72
86
9
41
47
67
26
86
62
57
59
31
86
91
49
42
101
31
17
68
47
99
26
101
15
4
103
26
60
14
74
103
45
55
25
80
69
9
68
12
4
84
41
27
71
32
64
27
64
48
26
98
57
57
56
10
26
65
86
27
3
24
7
15
96
86
1
73
46
24
54
29
95
6
56
24
33
65
7
47
50
106
56
44
7
24
83
96
14
53
96
66
46
79
81
22
83
30
101
95
61
83
7
74
89
25
102
65
23
98
99
80
27
63
4
29
104
88
27
95
44
13
64
85
31
27
69
10
12
83
17
72
77
26
50
83
12
19
106
6
44
76
77
35
72
34
68
65
72
36
64
14
32
14
62
72
95
81
55
83
100
87
29
103
69
7
29
99
83
48
72
76
90
23
47
55
32
53
62
66
83
32
27
67
48
12
50
19
12
37
61
67
68
51
62
72
31
76
16
65
34
104
83
33
83
27
50
13
7
29
13
23
26
88
86
13
87
29
33
78
4
44
100
89
72
66
7
83
34
44
38
47
29
85
93
100
64
51
46
86
25
32
86
14
35
99
56
90
32
83
32
34
30
26
71
45
67
19
25
42
17
27
23
27
57
25
74
47
86
11
48
35
38
70
98
14
7
36
99
26
89
24
32
50
4
35
29
30
42
22
93
0
90
7
30
83
63
33
46
13
85
63
45
23
97
34
60
102
22
12
76
106
87
62
65
86
72
86
82
80
76
83
59
76
34
84
73
95
31
92
100
52
11
64
65
86
7
6
73
87
50
12
102
63
55
86
76
47
55
10
74
99
40
83
97
86
32
84
65
76
7
102
10
83
83
33
97
84
65
81
100
32
10
44
106
50
80
3
60
56
88
37
82
98
103
39
77
10
48
32
94
102
43
71
7
94
35
68
10
57
101
87
40
80
64
90
11
55
84
9
6
4
15
90
76
88
16
42
15
51
26
2
13
38
92
62
31
58
33
80
83
10
40
106
62
88
26
44
104
75
12
68
95
21
104
86
57
75
5
38
12
78
65
67
67
4
12
74
76
66
42
65
28
98
8
52
40
22
34
60
87
65
55
17
46
32
13
82
27
62
86
47
27
32
7
86
72
44
8
10
87
83
26
86
7
3
58
86
58
25
1
26
35
58
86
71
65
0
6
26
99
68
63
22
24
46
83
10
1
103
10
95
7
62
33
20
99
86
55
99
86
38
83
103
60
62
21
60
1
32
93
64
95
4
46
76
7
103
84
87
31
67
22
3
86
86
106
8
97
86
86
27
52
99
35
4
8
68
13
86
10
24
83
14
86
23
94
12
84
41
99
70
93
38
65
99
31
86
100
83
65
19
74
98
24
77
80
10
100
26
28
106
27
1
101
74
16
42
12
55
2
67
2
27
58
30
47
99
85
65
7
55
102
40
40
83
26
12
69
10
57
72
33
81
19
100
42
88
14
71
97
85
86
93
26
18
38
62
3
106
67
79
33
6
97
19
86
10
34
41
81
47
25
38
89
15
27
97
27
86
35
95
10
52
99
6
62
44
35
91
97
102
9
50
101
29
94
48
71
103
98
27
32
96
92
98
11
56
72
90
104
64
94
72
76
55
17
19
47
73
63
32
76
48
10
47
98
101
104
28
81
30
101
71
4
45
84
96
65
84
47
58
68
76
58
6
93
41
67
42
45
9
10
84
33
14
55
34
87
57
97
19
76
32
26
7
18
30
94
95
33
22
34
10
68
82
70
26
10
30
32
30
91
93
46
62
42
55
26
50
42
27
68
48
39
31
22
12
74
21
16
24
63
30
34
93
22
26
33
85
34
93
102
53
7
96
83
23
26
4
68
23
95
74
107
23
52
98
64
55
41
98
97
98
93
53
80
97
24
81
9
65
100
17
86
83
80
66
73
10
33
7
86
34
28
26
25
8
37
83
95
7
68
49
103
10
60
78
58
4
4
11
18
14
2
42
23
63
81
76
47
57
100
73
87
83
27
74
95
88
83
85
18
83
82
15
42
99
77
72
65
66
30
64
44
60
55
48
72
6
45
82
13
63
10
81
86
64
107
86
80
27
105
3
11
83
19
83
97
66
27
12
14
106
94
7
10
28
7
81
101
94
26
19
3
49
7
87
86
87
83
27
27
86
11
72
8
49
10
58
86
83
87
83
62
22
14
52
26
67
7
47
68
98
29
102
71
57
53
78
65
33
89
32
7
2
7
83
32
6
74
104
30
80
72
43
83
23
100
27
29
34
4
63
33
83
92
96
23
34
7
64
87
24
29
56
42
25
82
22
81
32
102
86
8
47
34
59
99
89
3
96
29
20
85
10
66
10
27
27
62
54
34
26
67
31
79
1
103
41
95
87
75
38
104
10
39
103
54
22
82
24
65
83
58
57
74
25
61
10
31
56
74
7
92
24
10
106
92
86
4
52
76
27
90
55
16
48
45
90
92
36
28
73
10
76
92
105
32
77
101
11
46
101
62
17
65
80
86
8
75
32
83
66
96
97
96
52
53
103
66
63
34
24
106
95
92
31
55
21
85
13
72
45
30
17
86
76
59
41
12
61
98
13
57
59
0
35
85
47
67
92
29
31
68
21
76
55
24
62
7
72
102
86
107
67
27
104
67
61
58
62
52
74
74
34
91
12
24
7
32
22
30
27
46
55
80
102
22
18
81
25
44
10
29
80
78
83
24
3
41
42
37
32
84
106
90
8
32
106
34
68
57
60
38
59
99
65
22
63
24
59
33
106
83
45
103
27
102
65
55
10
41
94
24
104
68
83
97
18
25
55
101
4
96
72
64
22
10
42
81
85
24
19
31
7
13
100
34
35
100
83
6
54
97
65
28
64
84
57
55
51
83
32
74
94
102
94
54
0
22
86
22
26
28
11
60
22
73
62
100
32
32
99
98
44
76
98
107
32
72
88
16
41
12
99
86
86
49
23
43
29
22
47
63
71
34
86
54
35
86
34
68
35
83
0
91
6
99
22
33
65
66
86
34
32
23
105
81
55
59
94
68
31
36
67
85
72
39
96
66
39
13
38
18
62
101
81
14
36
46
80
23
83
16
62
86
19
30
104
83
94
96
97
26
76
50
44
32
1
26
100
97
12
13
102
26
99
101
77
71
89
22
31
104
57
106
13
58
76
45
47
77
35
86
86
34
94
14
27
98
23
18
83
67
86
56
106
86
67
63
72
55
10
80
101
84
77
57
87
76
87
65
95
50
76
76
3
55
66
24
67
26
17
84
32
12
10
61
86
67
99
67
24
31
103
62
45
76
64
1
33
34
92
34
29
50
25
102
107
84
12
100
27
47
13
86
88
16
32
36
16
65
27
72
104
6
19
102
105
29
10
67
86
100
32
106
83
14
70
45
27
57
88
100
42
29
95
48
33
24
24
22
90
12
72
12
68
46
13
1
50
83
68
67
64
46
80
63
103
12
2
14
25
65
32
37
65
86
62
32
7
93
83
72
14
41
91
17
33
50
80
38
57
32
106
19
89
104
45
78
30
38
72
85
62
15
100
84
14
73
72
86
37
6
32
27
99
32
14
96
74
97
55
86
7
61
65
85
24
34
12
102
65
25
91
76
41
86
65
46
2
32
16
30
26
32
96
25
42
83
49
69
76
83
45
3
68
16
25
5
12
14
27
77
25
26
61
47
86
7
67
1
67
29
30
60
32
31
79
22
59
42
83
51
42
29
96
84
60
31
89
69
15
93
80
83
48
60
51
29
102
77
18
50
57
107
34
88
57
73
106
81
30
32
61
31
86
74
9
73
47
86
102
84
38
3
6
0
77
4
72
22
28
12
10
31
27
74
77
98
83
72
86
61
77
89
52
57
22
55
65
76
58
7
107
2
83
30
5
99
89
35
103
50
34
39
83
10
47
106
68
65
7
103
7
18
100
47
68
8
51
61
42
76
19
10
42
80
59
72
25
35
1
93
17
99
65
63
23
55
29
57
86
33
72
49
12
66
35
79
78
29
84
101
23
59
44
26
87
101
98
71
80
76
6
85
81
29
12
88
70
35
22
93
62
39
48
101
31
1
71
24
72
102
47
80
13
46
89
23
22
106
66
71
65
6
8
20
27
95
83
80
92
81
62
32
98
13
24
13
55
47
105
72
98
24
102
22
41
60
4
64
69
72
41
66
62
85
46
64
86
24
19
47
72
83
7
89
48
70
19
23
91
68
73
100
102
47
73
47
26
17
76
83
39
102
83
56
6
83
24
65
22
65
64
40
22
27
4
95
87
81
87
69
27
24
67
93
46
4
100
86
15
80
87
39
21
78
22
32
86
57
62
46
65
103
27
85
10
63
22
86
88
26
12
6
24
62
87
11
66
66
7
92
2
24
80
73
41
65
84
99
55
102
29
22
19
35
10
12
61
87
10
69
70
72
37
65
101
12
15
10
83
106
24
89
7
32
57
94
16
91
28
86
30
91
33
56
55
72
34
38
58
55
50
103
18
80
86
47
100
37
71
93
96
38
36
12
98
104
44
102
41
33
8
48
81
3
67
30
77
64
31
103
32
72
89
12
22
79
58
49
101
106
6
81
102
37
76
31
31
107
51
19
68
43
76
19
22
42
25
34
80
66
42
80
3
12
37
90
90
57
68
10
81
83
29
58
27
23
86
102
77
18
0
99
10
8
47
86
25
72
105
32
12
7
57
85
14
49
10
27
81
43
13
46
83
1
32
22
77
78
100
93
86
12
10
94
93
58
47
64
14
13
20
96
60
95
82
24
87
58
90
49
14
24
101
80
7
68
86
65
102
55
50
21
7
45
100
32
57
27
69
24
93
61
79
18
102
26
27
98
76
100
80
93
92
24
12
82
6
56
9
72
4
86
80
47
42
47
18
83
26
99
37
29
81
13
13
60
31
7
21
101
34
4
33
63
36
80
83
67
59
35
44
8
93
85
76
106
55
83
43
42
83
26
40
37
5
64
6
7
99
10
17
68
54
22
35
72
82
79
74
46
29
103
37
45
72
64
92
87
59
86
32
24
32
86
103
52
13
57
29
32
83
96
52
22
83
100
18
78
47
19
34
32
34
85
7
17
80
25
101
4
101
16
51
76
11
67
86
51
5
99
24
48
30
61
81
98
10
65
24
86
6
13
8
79
90
7
12
19
15
59
76
76
96
96
22
43
86
74
22
33
99
67
44
77
47
38
57
50
22
18
73
7
29
16
83
33
99
86
13
23
78
98
0
41
106
32
33
76
47
83
86
16
2
80
91
61
50
28
51
25
93
78
64
93
24
19
74
63
98
85
65
81
60
26
74
64
45
86
86
87
27
91
29
72
65
57
41
39
37
6
80
72
102
32
67
59
45
90
24
21
26
91
34
60
96
42
41
29
62
30
29
85
43
59
71
68
66
23
27
92
96
9
42
38
66
2
68
86
80
7
87
74
2
41
83
29
40
9
93
101
68
48
1
90
76
86
77
59
42
10
46
63
95
32
94
4
30
76
31
106
24
10
39
52
39
64
29
24
81
50
95
88
73
16
86
35
67
35
21
97
19
10
70
4
49
42
55
89
72
104
87
99
52
86
45
23
87
86
58
49
39
50
12
44
31
47
17
64
91
57
44
105
42
70
22
74
17
77
29
83
32
54
50
7
35
28
90
86
33
68
6
9
80
92
47
32
12
33
7
7
20
81
2
16
16
18
33
81
34
101
32
3
86
76
54
47
83
29
64
58
63
99
86
76
27
40
32
101
25
84
65
32
11
60
87
10
65
106
99
104
65
47
81
72
58
47
41
23
58
65
61
83
52
104
40
29
74
45
37
62
72
78
63
65
98
65
83
46
81
27
56
72
23
10
69
70
74
23
15
26
102
15
68
27
50
101
105
77
103
99
21
66
27
73
65
83
13
80
12
32
86
29
25
1
87
48
71
58
82
91
83
102
86
7
41
55
67
65
59
7
16
73
7
99
83
21
41
63
46
76
36
70
92
35
31
91
86
6
26
84
38
102
1
33
98
33
80
51
29
24
26
27
54
86
37
45
106
76
41
60
49
98
82
78
72
78
18
39
10
23
32
93
16
59
33
65
96
98
85
17
36
86
26
105
47
10
24
89
86
65
13
28
44
27
85
42
32
84
74
65
100
47
78
81
50
83
10
2
65
48
21
62
83
55
39
83
88
95
16
18
22
32
87
32
92
46
93
0
44
67
95
86
37
86
6
98
34
36
89
28
9
86
83
6
45
22
104
52
22
65
4
77
50
104
34
73
12
37
48
1
85
107
84
50
65
104
34
86
43
12
51
33
10
21
77
7
92
68
104
80
16
32
88
62
78
96
51
83
72
28
81
73
26
22
47
72
58
41
45
68
67
11
41
89
31
45
57
78
26
32
42
80
66
55
7
65
67
78
81
26
27
18
22
95
50
69
71
63
82
83
72
70
41
27
63
19
7
90
103
54
73
27
90
12
74
1
48
20
55
29
93
95
64
62
10
46
92
80
13
76
15
99
100
11
103
91
82
39
85
18
30
62
72
72
98
81
99
23
78
85
51
14
14
12
58
10
72
37
49
15
100
73
83
48
100
52
63
48
29
91
83
8
104
47
27
104
3
33
106
32
63
22
25
1
102
72
31
83
106
41
70
106
78
43
7
30
76
88
16
23
26
106
23
70
10
64
26
57
6
102
103
35
58
18
85
29
60
24
85
86
94
83
96
29
99
56
65
101
7
103
104
72
93
10
47
70
53
21
63
22
61
27
77
17
101
104
45
34
24
81
67
97
7
39
85
52
86
33
102
68
77
29
94
87
18
76
69
59
20
69
73
32
87
3
97
29
68
28
73
27
94
10
15
67
35
15
86
45
22
100
89
61
93
67
106
98
47
34
7
84
11
49
7
25
16
46
95
81
3
81
41
13
81
103
22
80
35
47
33
65
10
94
100
60
47
15
65
49
34
57
29
4
62
22
86
10
86
81
10
83
10
59
51
52
7
27
59
24
40
92
86
35
94
24
22
34
103
94
49
91
71
74
83
27
54
26
63
14
58
99
33
63
29
50
72
50
83
10
46
38
42
12
55
10
24
47
86
41
32
83
46
7
10
65
93
90
33
3
100
24
74
39
35
19
102
23
14
28
42
18
72
16
88
63
83
34
23
26
48
89
30
97
86
94
8
7
22
32
65
27
66
92
26
32
72
36
86
7
32
61
58
6
37
103
7
34
42
0
31
35
100
95
72
66
12
27
85
17
2
83
6
77
32
1
80
26
37
88
72
80
51
27
86
42
27
83
7
80
7
15
86
78
55
65
12
32
13
14
79
106
84
43
42
26
70
94
103
94
28
81
59
48
32
69
81
76
23
92
66
27
12
72
92
83
33
86
86
39
76
66
37
61
83
66
65
20
55
39
47
103
65
67
8
83
45
37
7
74
65
93
16
22
77
70
87
80
23
3
83
73
98
33
25
95
104
13
15
60
22
99
28
27
21
75
67
49
33
98
25
74
43
31
50
86
13
28
27
38
106
83
85
68
72
54
83
72
97
22
27
32
1
26
92
54
27
50
46
27
12
106
77
65
63
65
13
74
96
27
83
98
65
57
95
94
7
76
18
76
7
44
76
11
65
102
33
68
73
69
51
88
80
7
33
86
104
33
67
36
30
29
13
56
63
85
6
41
62
69
10
63
95
48
21
82
107
88
93
17
83
99
68
24
95
22
67
73
29
98
42
31
32
37
87
25
27
66
22
33
4
82
69
95
93
80
12
95
29
59
22
24
74
41
65
106
14
62
29
65
62
10
80
50
86
27
3
28
2
27
36
26
47
26
52
19
54
74
54
46
9
18
5
49
34
30
97
42
59
23
27
94
89
42
26
52
22
63
37
68
34
66
81
88
28
58
15
7
41
68
34
9
42
10
29
105
76
67
89
99
76
48
32
83
28
47
106
86
80
26
4
100
98
41
74
34
105
91
65
18
27
76
16
87
48
83
68
19
14
76
16
27
72
77
59
24
88
70
106
7
39
26
99
98
48
43
29
14
18
55
64
100
86
77
86
68
68
43
81
40
86
84
67
94
45
39
67
47
46
73
86
35
24
29
30
23
37
82
15
102
72
10
83
25
55
25
77
57
99
55
101
66
32
84
93
87
98
31
77
76
21
26
105
104
99
69
9
94
48
26
97
63
31
10
16
64
21
51
102
72
90
67
33
104
14
102
72
26
66
22
98
30
91
37
1
29
72
12
72
39
73
96
24
66
16
64
39
10
10
62
12
22
104
81
52
98
86
43
72
10
11
29
64
80
46
72
60
58
1
62
52
74
85
86
65
24
46
6
86
98
42
84
3
45
58
58
73
7
10
38
92
34
72
31
67
55
93
50
0
31
96
83
83
81
13
16
102
80
26
13
92
95
57
27
106
94
86
46
98
27
77
95
14
45
13
39
45
98
47
72
103
107
7
80
72
48
63
62
47
51
38
93
27
91
77
83
6
47
10
55
65
27
106
13
42
63
15
34
100
46
57
57
106
63
14
7
85
59
100
29
90
26
10
27
32
59
28
106
82
83
98
48
26
7
99
24
26
77
29
65
11
94
72
48
1
27
52
106
24
16
35
86
43
55
78
66
80
71
40
22
13
17
30
33
72
8
10
10
76
62
58
30
82
106
101
27
4
83
90
8
62
6
81
13
85
50
88
82
83
57
58
3
91
71
46
99
77
55
67
91
83
26
98
94
74
32
11
50
65
14
50
49
65
59
46
34
89
33
72
48
102
47
65
24
16
6
101
49
48
6
48
34
82
29
83
8
7
66
10
47
37
49
81
10
100
4
26
104
67
89
83
89
48
91
60
70
94
59
89
22
40
87
26
7
63
39
107
57
30
66
26
85
57
91
83
12
72
4
34
21
34
72
74
47
34
72
1
77
34
46
94
90
4
79
103
24
80
86
58
44
13
34
105
27
95
37
24
24
24
32
57
28
68
62
13
95
7
57
63
62
74
59
69
65
34
58
98
7
31
15
83
85
19
13
8
80
49
72
106
38
66
7
34
29
25
105
32
56
96
43
86
35
23
77
80
7
106
76
53
101
15
22
92
95
65
94
27
14
63
48
100
27
33
95
106
81
98
68
83
56
90
100
2
10
99
98
85
32
36
82
22
27
15
106
101
100
42
100
85
45
68
66
63
47
91
29
81
48
48
45
32
90
94
92
89
22
86
102
58
46
22
64
27
26
66
47
59
58
84
90
13
65
51
86
34
47
107
83
72
23
10
27
87
34
3
77
16
76
46
26
63
2
98
101
0
50
86
9
29
95
69
32
1
42
52
29
27
8
48
64
10
34
76
90
80
76
29
75
47
32
63
15
49
51
30
66
11
11
13
102
12
18
27
80
83
30
93
85
77
99
82
15
37
18
95
90
99
24
76
41
85
102
56
85
76
83
101
10
31
86
50
102
90
16
94
65
86
37
50
81
56
27
33
106
73
95
95
86
15
13
68
54
13
88
86
29
67
63
26
86
80
72
57
86
7
56
10
92
27
72
62
83
24
86
10
81
68
22
33
83
28
91
60
26
57
85
52
83
12
37
37
103
10
102
7
8
81
103
91
67
32
31
44
94
50
105
30
32
57
34
21
25
28
