0.115820
0.102389
0.099801
0.096777
0.095423
0.093712
0.092576
0.091636
0.090560
0.089871
0.088936
0.088528
0.087678
0.086961
0.086284
0.086056
0.085841
0.085631
0.085198
0.085116
0.084674
0.084547
0.084489
0.084162
0.084142
0.084091
0.083542
0.083288
0.083083
0.082298
0.082135
0.082078
0.081382
0.081226
0.081117
0.081076
0.080912
0.080763
0.080696
0.080685
0.080636
0.080614
0.080443
0.080443
0.080443
0.080333
0.079984
0.079962
0.079849
0.079684
0.079646
0.079646
0.079384
0.079384
0.079332
0.079247
0.079125
0.079057
0.079045
0.078969
0.078916
0.078908
0.078908
0.078847
0.078847
0.078790
0.078769
0.078720
0.078720
0.078270
0.078176
0.078103
0.078103
0.078103
0.078103
0.077925
0.077861
0.077856
0.077850
0.077850
0.077833
0.077811
0.077766
0.077766
0.077763
0.077763
0.077763
0.077750
0.077697
0.077678
0.077678
0.077665
0.077665
0.077617
0.077617
0.077617
0.077617
0.077376
0.077308
0.077308
