0.161775
0.017958
0.083030
0.076983
0.047209
0.072624
0.195070
0.010586
0.044383
0.016758
0.071524
0.061656
0.049120
0.197940
0.289078
0.063534
0.041268
0.002000
0.140294
0.038221
0.030937
0.054055
0.049035
0.033423
0.006773
0.068707
0.035412
0.004158
0.201815
0.068725
0.040330
0.096758
0.018144
0.077354
0.079043
0.011495
0.058154
0.008972
0.072043
0.005131
0.123249
0.004282
0.141779
0.005126
0.261166
0.133075
0.214082
0.045933
0.005179
0.131772
0.003489
0.073750
0.003095
0.005522
0.099780
0.005908
0.064599
0.212153
0.087255
0.146666
0.033869
0.006677
0.043487
0.017074
0.019148
0.178189
0.050913
0.026826
0.033544
0.018656
0.011712
0.068968
0.105090
0.141581
0.029770
0.091649
0.063485
0.140804
0.019717
0.133140
0.005643
0.358779
0.013454
0.174038
0.079743
0.134051
0.143254
0.004306
0.080697
0.046837
0.101758
0.132764
0.070530
0.012375
0.083300
0.187471
0.114901
0.006983
0.014467
0.011003
0.006141
0.169862
0.141084
0.138546
0.193879
0.077638
0.029760
0.010694
0.003789
0.047074
0.012799
0.024021
0.085819
0.118020
0.073405
0.073532
0.001873
0.049554
0.198638
0.015929
0.030607
0.147692
0.055176
0.023683
0.265485
0.319515
0.069402
0.058427
0.085570
0.005925
0.045984
0.118986
0.046746
0.115730
0.096216
0.005806
0.020841
0.076258
0.177100
0.227295
0.064833
0.128657
0.030092
0.049086
0.021432
0.048134
0.017509
0.105923
0.003771
0.006030
0.015827
0.036680
0.040668
0.004488
0.019338
0.095480
0.024960
0.056594
0.052838
0.055007
0.045003
0.005932
0.147595
0.046667
0.020122
0.012450
0.078839
0.104153
0.121768
0.087379
0.008360
0.155081
0.003293
0.122938
0.179394
0.050898
0.070342
0.069382
0.014803
0.106796
0.023250
0.110911
0.113332
0.087297
0.013141
0.159953
0.004244
0.064829
0.084427
0.174730
0.062597
0.117018
0.148520
0.008978
0.029261
0.059019
0.052203
0.031533
0.063219
0.014056
0.061675
0.012273
0.020177
0.037006
0.037649
0.078854
0.005096
0.114977
0.216140
0.096700
0.145260
0.045159
0.086499
0.010735
0.110368
0.025713
0.027334
0.184018
0.011753
0.066442
0.081054
0.165502
0.115216
0.131844
0.015491
0.026958
0.041147
0.185955
0.033578
0.073950
0.007166
0.199020
0.003213
0.054494
0.119000
0.038237
0.028831
0.012510
0.061812
0.073860
0.010598
0.068111
0.111767
0.009300
0.004303
0.186126
0.010422
0.206053
0.032393
0.033421
0.007061
0.030349
0.033333
0.042890
0.009112
0.255957
0.029360
0.032652
0.060907
0.008122
0.001672
0.214171
0.163030
0.043899
0.090933
0.030521
0.071269
0.246690
0.172833
0.051096
0.093382
0.067803
0.041788
0.029201
0.166601
0.093190
0.147731
0.010576
0.244007
0.016061
0.078018
0.030931
0.005238
0.047286
0.140224
0.056206
0.015791
0.045084
0.022220
0.042732
0.010828
0.124830
0.058112
0.085254
0.012621
0.067186
0.053651
0.001321
0.020012
0.053662
0.112334
0.130158
0.034162
0.037514
0.110049
0.297723
0.012115
0.016100
0.060813
0.048904
0.046886
0.024701
0.134226
0.001885
0.031528
0.096059
0.151176
0.007627
0.014336
0.009454
0.062773
0.073432
0.048537
0.106196
0.178085
0.015224
0.041986
0.072232
0.064965
0.224475
0.192802
0.029615
0.031840
0.138067
0.011132
0.025402
0.013074
0.073146
0.075025
0.183127
0.013527
0.004705
0.081614
0.055110
0.143704
0.123549
0.010887
0.008473
0.093158
0.051923
0.086078
0.014592
0.120631
0.034001
0.058324
0.049657
0.114036
0.071304
0.080043
0.005052
0.048368
0.029469
0.180008
0.195042
0.147976
0.067040
0.008158
0.036718
0.031772
0.063972
0.081150
0.054213
0.113265
0.061417
0.092017
0.069127
0.179665
0.146355
0.208516
0.027747
0.006226
0.012811
0.017087
0.080631
0.073489
0.015105
0.025309
0.084279
0.050237
0.153764
0.050555
0.213336
0.012231
0.058229
0.011387
0.028619
0.052153
0.179710
0.170002
0.084448
0.110848
0.002406
0.015864
0.007644
0.038370
0.017909
0.013758
0.050532
0.057933
0.071411
0.009137
0.120095
0.070388
0.057381
0.007303
0.001333
0.157759
0.084202
0.132812
0.017726
0.042038
0.012664
0.015875
0.014111
0.078511
0.042543
0.016183
0.189388
0.076135
0.050498
0.040381
0.075275
0.076768
0.003163
0.010950
0.050701
0.360881
0.093153
0.101076
0.067136
0.224868
0.008180
0.064469
0.146583
0.041216
0.033056
0.008675
0.012096
0.058512
0.039043
0.023799
0.085295
0.015363
0.054762
0.047764
0.168665
0.053349
0.045943
0.009601
0.060055
0.017331
0.005696
0.156902
0.090350
0.057434
0.047452
0.039967
0.067862
0.146336
0.106904
0.027791
0.055010
0.045678
0.163226
0.118709
0.011970
0.078334
0.143794
0.008631
0.049640
0.043150
0.003492
0.085494
0.016168
0.027188
0.005297
0.130431
0.033336
0.065859
0.055461
0.001759
0.036014
0.048905
0.087799
0.063171
0.008904
0.075418
0.010262
0.311924
0.365924
0.041579
0.138800
0.007231
0.032627
0.020850
0.098232
0.157610
0.077631
0.064709
0.158963
0.058725
0.004557
0.026413
0.116932
0.003037
0.117979
0.148146
0.080041
0.112931
0.014262
0.097138
0.007077
0.104348
0.064695
0.101683
0.006895
0.061188
0.069318
0.017086
0.072093
0.155379
0.072186
0.139049
0.199200
0.006081
0.243139
0.060064
0.214919
0.019394
0.004995
0.006344
0.067210
0.112122
0.009776
0.070187
0.019760
0.220342
0.054332
0.005820
0.005680
0.058428
0.019337
0.264139
0.058122
0.010051
0.093188
0.019485
0.003792
0.142857
0.057385
0.001847
0.139428
0.058549
0.063676
0.193363
0.071427
0.154545
0.003267
0.041315
0.239916
0.023513
0.060176
0.043405
0.073792
0.311695
0.008609
0.068094
0.082851
0.028760
0.009597
0.072115
0.057082
0.169316
0.100690
0.117237
0.181553
0.042911
0.020031
0.025276
0.034623
0.081822
0.052021
0.055075
0.031875
0.029248
0.052520
0.085279
0.024668
0.166950
0.009765
0.049454
0.043965
0.043431
0.001556
0.088263
0.205878
0.143115
0.059019
0.042663
0.021765
0.039194
0.052012
0.014161
0.058257
0.054058
0.089390
0.018331
0.016037
0.103643
0.053573
0.023439
0.237853
0.081275
0.006809
0.043757
0.219965
0.060562
0.011319
0.025355
0.084817
0.022755
0.039131
0.147049
0.094675
0.041111
0.025987
0.002931
0.009090
0.067049
0.097970
0.105434
0.004309
0.362515
0.198991
0.031609
0.048212
0.018036
0.020898
0.016646
0.008792
0.091469
0.262294
0.055706
0.072089
0.081746
0.006694
0.226571
0.066894
0.038241
0.038005
0.152198
0.024103
0.087665
0.049812
0.002907
0.055103
0.008554
0.032497
0.087948
0.081189
0.052472
0.074596
0.153379
0.009135
0.004089
0.007139
0.033152
0.182547
0.207576
0.028071
0.030387
0.136831
0.070672
0.030004
0.089542
0.043126
0.001997
0.075568
0.049504
0.131198
0.262910
0.084655
0.170207
0.121328
0.033770
0.042057
0.054166
0.081652
0.064685
0.229414
0.219741
0.045348
0.138664
0.081474
0.034129
0.126139
0.002472
0.075403
0.048166
0.030861
0.116472
0.018827
0.144913
0.012943
0.040287
0.052621
0.038820
0.128860
0.008634
0.026843
0.006190
0.069123
0.033673
0.005628
0.013189
0.137352
0.077639
0.153802
0.192439
0.142817
0.013129
0.008671
0.206558
0.130624
0.023291
0.172508
0.015645
0.015870
0.481145
0.038659
0.007605
0.080087
0.132299
0.118308
0.011005
0.044066
0.019510
0.053501
0.157115
0.018233
0.092030
0.027030
0.171048
0.009402
0.011152
0.012953
0.040173
0.088862
0.120892
0.215363
0.077848
0.009793
0.014819
0.005058
0.068612
0.034891
0.009194
0.084238
0.004714
0.146283
0.052176
0.040430
0.047441
0.013144
0.043695
0.006233
0.220863
0.231665
0.064835
0.044554
0.162066
0.058217
0.155480
0.072922
0.072474
0.021704
0.079781
0.057549
0.105941
0.005423
0.004020
0.065999
0.005147
0.016165
0.008014
0.004012
0.007220
0.032970
0.041646
0.041246
0.012024
0.018727
0.031724
0.078067
0.140506
0.072629
0.099827
0.019711
0.001471
0.147578
0.065977
0.005661
0.091366
0.159276
0.056542
0.077944
0.038722
0.064406
0.066993
0.040197
0.039862
0.008586
0.119130
0.020391
0.025548
0.074722
0.077695
0.035024
0.009082
0.154283
0.231833
0.011409
0.057132
0.142697
0.148253
0.187165
0.006502
0.018824
0.059456
0.087967
0.054158
0.011107
0.158837
0.029158
0.005252
0.078864
0.043749
0.012248
0.104040
0.123214
0.004674
0.022607
0.358834
0.003247
0.114983
0.020472
0.068001
0.142804
0.008386
0.203664
0.057525
0.012751
0.049013
0.040077
0.006855
0.042342
0.154960
0.016296
0.031183
0.054114
0.006968
0.337251
0.136813
0.001590
0.042971
0.103407
0.303227
0.133696
0.107170
0.189250
0.020208
0.020671
0.103291
0.047721
0.044730
0.009945
0.008270
0.061969
0.079381
0.033572
0.118045
0.033959
0.049950
0.038964
0.162111
0.019149
0.025137
0.036260
0.015643
0.205517
0.045891
0.004176
0.017771
0.002952
0.033982
0.048080
0.069381
0.048558
0.017529
0.003091
0.202175
0.154366
0.013260
0.045076
0.043567
0.025717
0.114742
0.082910
0.071361
0.086743
0.051083
0.015385
0.028130
0.106934
0.012949
0.119369
0.028369
0.049461
0.097387
0.191670
0.078199
0.102307
0.057482
0.003151
0.075656
0.140994
0.035332
0.007775
0.102964
0.080056
0.041191
0.204322
0.127275
0.096942
0.012380
0.021554
0.018199
0.062749
0.004499
0.037526
0.061440
0.066334
0.026131
0.005165
0.053030
0.031095
0.129222
0.093813
0.256168
0.219367
0.063922
0.098525
0.133139
0.154725
0.107966
0.093588
0.125246
0.167804
0.012023
0.061193
0.007160
0.090411
0.063191
0.166770
0.004248
0.024759
0.094189
0.005550
0.169012
0.174336
0.069179
0.048180
0.100095
0.232231
0.035945
0.155200
0.064326
0.004992
0.125053
0.109090
0.018502
0.071512
0.160901
0.006685
0.205897
0.007414
0.074261
0.073339
0.124768
0.001140
0.076172
0.066730
0.078351
0.003791
0.149635
0.086257
0.061466
0.020266
0.067996
0.013140
0.019798
0.037278
0.181133
0.009724
0.049742
0.206917
0.089285
0.039126
0.017700
0.170530
0.038862
0.169034
0.039473
0.058044
0.004833
0.109258
0.145456
0.004116
0.067467
0.054316
0.036978
0.066070
0.136275
0.088425
0.033065
0.187264
0.098081
0.111880
0.010791
0.080974
0.115527
0.013882
0.016023
0.058849
0.247493
0.117786
0.024163
0.080673
0.112182
0.019022
0.044410
0.196844
0.053675
0.311559
0.002635
0.039327
0.076366
0.008637
0.021447
0.151611
0.013667
0.046039
0.112582
0.084409
0.142960
0.012974
0.005520
0.177039
0.048852
0.441087
0.043426
0.029916
0.013860
0.028478
0.006417
0.086850
0.035971
0.026080
0.149751
0.207539
0.024115
0.047422
0.128333
0.039593
0.056128
0.020803
0.027097
0.016300
0.003550
0.201578
0.108753
0.291666
0.005204
0.026845
0.147124
0.096054
0.117712
0.016600
0.084604
0.020080
0.050318
0.167766
0.009530
0.056436
0.019541
0.186216
0.038680
0.007006
0.013003
0.004879
0.125047
0.075721
0.034351
0.057311
0.039613
0.009072
0.052725
0.041419
0.090359
0.229869
0.199930
0.140626
0.024991
0.073322
0.183925
0.016145
0.181543
0.095595
0.038149
0.089711
0.019630
0.016811
0.075065
0.004088
0.407537
0.037227
0.143023
0.145527
0.030950
0.003506
0.058337
0.020744
0.011415
0.120500
0.410795
0.060603
0.073819
0.006174
0.100082
0.176990
0.091667
0.021730
0.122847
0.009808
0.068115
0.014656
0.052322
0.003046
0.020686
0.008187
0.199812
0.050600
0.009352
0.010573
0.004703
0.048375
0.037629
0.023703
0.003957
0.002012
0.122908
0.026097
0.132597
0.140087
0.172559
0.006483
0.078447
0.023029
0.068678
0.027101
0.043139
0.084228
0.129158
0.075505
0.031472
0.031374
0.090956
0.008549
0.016137
0.076716
0.012192
0.108741
0.009410
0.043278
0.100381
0.082308
0.139344
0.022098
0.033758
0.020819
0.003695
0.047563
0.044416
0.067500
0.060388
0.096264
0.027266
0.003809
0.007864
0.020036
0.087513
0.023986
0.057066
0.057186
0.049798
0.187153
0.058375
0.008200
0.220892
0.089808
0.082287
0.321155
0.148014
0.040593
0.045518
0.010728
0.007639
0.003082
0.076753
0.389161
0.013782
0.062864
0.126555
0.061885
0.014827
0.117243
0.201145
0.022421
0.056891
0.023174
0.008723
0.121422
0.021248
0.040256
0.012019
0.041329
0.036915
0.020164
0.103023
0.029402
0.045479
0.194210
0.003835
0.067684
0.032725
0.023581
0.086904
0.046299
0.014187
0.080820
0.152904
0.014997
0.144546
0.226277
0.380664
0.028145
0.330514
0.058152
0.103968
0.096172
0.018966
0.084034
0.003573
0.074581
0.024609
0.072572
0.058645
0.026455
0.206013
0.038054
0.073940
0.010519
0.011030
0.039633
0.029052
0.054850
0.014938
0.111895
0.004382
0.063303
0.062077
0.056394
0.008430
0.143342
0.011813
0.004594
0.022988
0.063053
0.158997
0.072643
0.067533
0.009049
0.064393
0.008901
0.070734
0.031700
0.130492
0.088806
0.030842
0.026282
0.043421
0.075774
0.009917
0.076436
0.068625
0.051876
0.089433
0.014482
0.032087
0.090041
0.019266
0.054195
0.006563
0.009828
0.033787
0.125140
0.058192
0.132677
0.074569
0.126452
0.099385
0.059274
0.005684
0.022367
0.086511
0.001319
0.003878
0.039201
0.010008
0.024421
0.061005
0.017183
0.050579
0.073607
0.054449
0.070371
0.057013
0.079659
0.159369
0.099607
0.029254
0.075637
0.153963
0.120338
0.088922
0.010908
0.236100
0.098035
0.167023
0.010978
0.088203
0.088666
0.063753
0.026498
0.127041
0.040715
0.031942
0.198431
0.015800
0.003230
0.105032
0.298365
0.004682
0.016673
0.205846
0.063205
0.093547
0.124793
0.120349
0.199095
0.038311
0.166510
0.011381
0.066285
0.108569
0.034108
0.034056
0.135015
0.064968
0.149275
0.052083
0.024665
0.083874
0.004987
0.109015
0.015347
0.016706
0.052845
0.053501
0.129127
0.025025
0.037866
0.382329
0.012362
0.017403
0.006922
0.178661
0.091033
0.020796
0.224948
0.021947
0.131156
0.042360
0.118944
0.167801
0.162877
0.032562
0.068117
0.004783
0.036600
0.163261
0.011345
0.081941
0.038500
0.115237
0.012951
0.187121
0.100605
0.013169
0.018593
0.008678
0.032267
0.102524
0.272302
0.215243
0.048018
0.029704
0.061642
0.040703
0.043000
0.004314
0.061039
0.034615
0.006814
0.190842
0.155319
0.177671
0.117431
0.020756
0.011719
0.089043
0.013516
0.040764
0.018468
0.009125
0.042891
0.075478
0.086966
0.006363
0.158652
0.033970
0.117385
0.143595
0.010841
0.182626
0.153964
0.003740
0.095274
0.057135
0.092738
0.205301
0.130173
0.208735
0.100783
0.061193
0.059529
0.044925
0.023614
0.072506
0.067371
0.005794
0.025207
0.015961
0.150559
0.109579
0.003421
0.135613
0.031145
0.033454
0.012389
0.018229
0.039502
0.038279
0.036116
0.010538
0.030577
0.134212
0.297099
0.150522
0.009580
0.218656
0.146996
0.083041
0.007042
0.092309
0.099718
0.015184
0.080457
0.041780
0.187644
0.043259
0.141102
0.021086
0.005793
0.072314
0.048774
0.077462
0.128328
0.144674
0.041200
0.065647
0.180671
0.043045
0.094060
0.262083
0.002677
0.020357
0.071368
0.088538
0.006904
0.145107
0.004823
0.057670
0.107871
0.027649
0.056972
0.020183
0.083115
0.056070
0.054818
0.075029
0.164087
0.039883
0.057307
0.032571
0.109006
0.022650
0.162949
0.081561
0.096179
0.051920
0.088771
0.088771
0.004941
0.142728
0.316964
0.017699
0.047737
0.088998
0.100729
0.026222
0.066518
0.244285
0.074130
0.014639
0.045544
0.015135
0.015217
0.005188
0.144529
0.061040
0.047837
0.010008
0.003648
0.049060
0.049882
0.050996
0.030432
0.176982
0.021063
0.015481
0.102009
0.045980
0.271887
0.027894
0.006858
0.183232
0.048126
0.008246
0.021803
0.010893
0.143161
0.029310
0.106459
0.028368
0.084853
0.207227
0.012966
0.193987
0.028091
0.114573
0.067977
0.036606
0.015261
0.016323
0.089638
0.101243
0.020940
0.010562
0.123867
0.083853
0.002700
0.034696
0.027622
0.072709
0.175107
0.064715
0.083304
0.038758
0.043906
0.035923
0.037383
0.033116
0.008902
0.089497
0.056911
0.111113
0.084995
0.037696
0.023104
0.218730
0.015721
0.024383
0.056837
0.034188
0.155618
0.050449
0.218663
0.112360
0.045680
0.098283
0.001325
0.148731
0.009806
0.004805
0.028936
0.021094
0.183579
0.067937
0.070665
0.137715
0.007772
0.011657
0.103466
0.015884
0.027736
0.027513
0.007898
0.074718
0.040836
0.034486
0.000894
0.044077
0.011213
0.004476
0.021668
0.033693
0.035439
0.083867
0.089305
0.012757
0.020019
0.012821
0.031749
0.254011
0.086924
0.100781
0.064046
0.030641
0.041838
0.129823
0.236726
0.113865
0.095544
0.067389
0.038525
0.040587
0.027572
0.093763
0.072777
0.085602
0.008679
0.016133
0.019685
0.016179
0.071250
0.211548
0.069395
0.130316
0.072435
0.041893
0.012725
0.170947
0.015673
0.011422
0.018869
0.205781
0.056298
0.053564
0.208634
0.111252
0.132440
0.211224
0.015248
0.075116
0.099132
0.200594
0.051601
0.127159
0.053460
0.059563
0.044740
0.064701
0.059883
0.160697
0.045821
0.004383
0.176806
0.059814
0.035134
0.107145
0.014809
0.118038
0.024934
0.014786
0.004205
0.017486
0.013169
0.029162
0.029188
0.014868
0.109010
0.002693
0.029623
0.117658
0.108971
0.034756
0.049437
0.009549
0.034436
0.004330
0.005410
0.008384
0.109197
0.049983
0.005581
0.001682
0.120509
0.043571
0.031422
0.019337
0.114586
0.036228
0.037504
0.029380
0.259367
0.040041
0.011734
0.072759
0.029105
0.153955
0.015263
0.007149
0.081043
0.029851
0.019144
0.045791
0.063862
0.027943
0.204681
0.086342
0.087358
0.139769
0.175953
0.034899
0.001481
0.059853
0.064677
0.010444
0.059515
0.003079
0.041113
0.005666
0.049199
0.009984
0.210259
0.005687
0.093111
0.007843
0.031066
0.060022
0.018292
0.069124
0.076992
0.191797
0.143594
0.016612
0.005180
0.023866
0.010013
0.083243
0.121923
0.014648
0.036372
0.017186
0.016865
0.002181
0.054958
0.018222
0.212120
0.066486
0.036001
0.092401
0.012020
0.027060
0.069285
0.011270
0.133705
0.055502
0.155580
0.079185
0.012789
0.026469
0.061218
0.006091
0.024104
0.084190
0.014293
0.083489
0.118106
0.005184
0.002514
0.073698
0.004863
0.008683
0.185874
0.067381
0.152620
0.017246
0.057670
0.063543
0.020377
0.027608
0.009081
0.074590
0.078345
0.122873
0.038298
0.026967
0.079865
0.012706
0.139106
0.047247
0.047222
0.056300
0.010266
0.076288
0.119626
0.038954
0.001097
0.031804
0.044282
0.021930
0.025994
0.055600
0.077448
0.013509
0.073224
0.029229
0.061917
0.041411
0.058023
0.045165
0.081214
0.188148
0.061884
0.002317
0.136121
0.005977
0.153302
0.014617
0.035034
0.004155
0.118782
0.011761
0.001025
0.108229
0.164508
0.017197
0.032754
0.011091
0.110514
0.176764
0.092443
0.175762
0.019923
0.011212
0.009184
0.003127
0.019762
0.093314
0.300765
0.010871
0.098924
0.008559
0.032724
0.034302
0.136339
0.004195
0.056081
0.022128
0.043643
0.104662
0.124180
0.159971
0.079884
0.007547
0.112254
0.114574
0.005866
0.044725
0.011508
0.035161
0.070400
0.002350
0.092510
0.082973
0.055591
0.070815
0.118939
0.022623
0.143960
0.172619
0.053581
0.066752
0.029380
0.006220
0.307932
0.098845
0.004494
0.116522
0.010939
0.171611
0.019705
0.267228
0.013655
0.019580
0.046688
0.037115
0.147315
0.069516
0.019984
0.013228
0.004185
0.040027
0.124240
0.045984
0.103620
0.127273
0.135716
0.050864
0.064725
0.073365
0.062089
0.168334
0.100812
0.003773
0.017989
0.107632
0.016746
0.027475
0.027394
0.002331
0.074225
0.160395
0.031984
0.009745
0.006971
0.019873
0.029055
0.032550
0.173313
0.016765
0.026834
0.131789
0.062119
0.123680
0.008494
0.107753
0.077904
0.051423
0.051252
0.083673
0.006072
0.071376
0.129050
0.052442
0.019924
0.022137
0.007804
0.176844
0.013980
0.031672
0.013467
0.008089
0.013687
0.099618
0.086041
0.013387
0.007531
0.237134
0.029942
0.047706
0.109607
0.120274
0.196817
0.032607
0.076666
0.056684
0.082461
0.123504
0.382444
0.006508
0.017601
0.066941
0.083836
0.069554
0.029090
0.009761
0.072035
0.050211
0.082127
0.085023
0.226900
0.051094
0.037193
0.096459
0.046095
0.002964
0.010944
0.138702
0.009192
0.073513
0.083619
0.033557
0.070933
0.063245
0.027010
0.006774
0.016822
0.193648
0.036314
0.012869
0.033272
0.044991
0.155336
0.009750
0.026060
0.046409
0.019218
0.038504
0.047501
0.285448
0.107682
0.062550
0.042510
0.094628
0.063370
0.072235
0.047597
0.078549
0.017168
0.012855
0.068619
0.009317
0.010237
0.078709
0.029832
0.063316
0.140238
0.086254
0.003878
0.057913
0.010551
0.089328
0.020271
0.051450
0.060308
0.066249
0.010200
0.005474
0.030860
0.111721
0.015294
0.084155
0.010838
0.024543
0.342901
0.104951
0.006933
0.211857
0.105522
0.060555
0.070078
0.013957
0.043813
0.046278
0.102828
0.207152
0.076910
0.044011
0.121480
0.262519
0.033692
0.084912
0.042904
0.008918
0.021407
0.098364
0.005404
0.103060
0.013928
0.047775
0.030276
0.068385
0.026992
0.092418
0.065606
0.041665
0.004376
0.030656
0.062772
0.061752
0.020297
0.136951
0.097397
0.021837
0.014396
0.132203
0.116957
0.126373
0.007238
0.417614
0.020692
0.015294
0.166047
0.039938
0.039575
0.166387
0.132398
0.006485
0.012211
0.044978
0.006689
0.015594
0.005207
0.101086
0.098486
0.011393
0.225910
0.339005
0.163493
0.094093
0.027163
0.005722
0.011898
0.034221
0.103186
0.025954
0.084956
0.011399
0.025807
0.093933
0.111913
0.063036
0.035231
0.068567
0.006695
0.003989
0.098333
0.152142
0.075008
0.069105
0.020054
0.009585
0.008742
0.010642
0.089140
0.053345
0.005095
0.008361
0.009073
0.027770
0.076637
0.033592
0.039177
0.057555
0.008719
0.140444
0.074295
0.044691
0.059905
0.013988
0.004926
0.099719
0.163369
0.090541
0.102051
0.102936
0.211372
0.092468
0.061914
0.167189
0.139156
0.009053
0.077589
0.023111
0.089449
0.104674
0.008552
0.008878
0.102348
0.005066
0.063410
0.201493
0.219893
0.040881
0.093445
0.060334
0.090588
0.027318
0.038071
0.057799
0.064054
0.098336
0.210984
0.127037
0.021717
0.013673
0.017169
0.059707
0.034035
0.066169
0.070922
0.115615
0.139196
0.425216
0.016130
0.103684
0.008386
0.050957
0.067580
0.144955
0.016329
0.036163
0.056299
0.089813
0.017058
0.027081
0.031935
0.115829
0.115494
0.014250
0.066425
0.132893
0.004985
0.095102
0.055140
0.034258
0.174725
0.025622
0.119101
0.321840
0.051573
0.124717
0.087187
0.094104
0.022229
0.125997
0.083901
0.125234
0.034903
0.089673
0.045021
0.093881
0.012673
0.028023
0.012376
0.145118
0.010545
0.110859
0.007362
0.027016
0.047003
0.086284
0.053274
0.105612
0.003448
0.015754
0.067575
0.036142
0.105559
0.332589
0.037653
0.092923
0.003510
0.090958
0.029367
0.030708
0.273408
0.185775
0.053575
0.173629
0.150551
0.006754
0.033477
0.026977
0.130152
0.130239
0.122079
0.002957
0.007955
0.123783
0.128083
0.057478
0.200672
0.057752
0.023023
0.115513
0.047708
0.022029
0.046417
0.006185
0.028527
0.130268
0.033424
0.361413
0.084805
0.064311
0.043933
0.408036
0.008876
0.108692
0.045017
0.075636
0.167518
0.020257
0.005380
0.151664
0.033153
0.065661
0.011201
0.108428
0.154372
0.071524
0.029996
0.073014
0.057390
0.007867
0.079704
0.054762
0.018240
0.155115
0.047769
0.134940
0.035166
0.009541
0.058148
0.018503
0.006378
0.068933
0.207280
0.013180
0.002934
0.071924
0.003945
0.045177
0.048553
0.071781
0.023856
0.046272
0.004010
0.076248
0.065766
0.109696
0.019688
0.085022
0.025319
0.018987
0.094254
0.053685
0.042635
0.034434
0.037986
0.117876
0.016822
0.014777
0.029097
0.086772
0.106426
0.114028
0.058152
0.009554
0.015636
0.024676
0.024498
0.065920
0.217705
0.005548
0.121708
0.094722
0.004345
0.011102
0.115513
0.005260
0.167967
0.011190
0.071671
0.025870
0.084280
0.084128
0.033003
0.023436
0.004561
0.068509
0.222346
0.021453
0.130226
0.043512
0.122601
0.146747
0.050133
0.023946
0.034435
0.136819
0.096885
0.006360
0.006910
0.003384
0.011354
0.007762
0.072138
0.005266
0.125810
0.010405
0.085208
0.144637
0.083570
0.129534
0.083065
0.071561
0.124329
0.053677
0.058004
0.012457
0.023922
0.163971
0.031917
0.095400
0.142988
0.164766
0.006389
0.139222
0.018310
0.024025
0.043355
0.030968
0.101862
0.048680
0.069907
0.064024
0.128822
0.174046
0.015256
0.028944
0.036629
0.001586
0.074299
0.120227
0.036725
0.243742
0.035621
0.034297
0.100685
0.039565
0.143118
0.017328
0.095966
0.076933
0.062415
0.026846
0.099025
0.001099
0.085374
0.006932
0.067044
0.134615
0.053797
0.067703
0.019501
0.072916
0.038541
0.005596
0.138101
0.018765
0.053505
0.137482
0.148413
0.025687
0.069585
0.028684
0.042122
0.181948
0.091153
0.035356
0.009500
0.029099
0.020315
0.005971
0.009388
0.007995
0.005359
0.079499
0.162233
0.010452
0.040949
0.030887
0.448614
0.013151
0.021278
0.051852
0.037826
0.148345
0.164060
0.102049
0.023462
0.027842
0.020112
0.030344
0.213934
0.014453
0.062767
0.163692
0.066109
0.140556
0.083219
0.167092
0.059959
0.027581
0.076546
0.078784
0.044068
0.020283
0.070955
0.185258
0.014466
0.002050
0.012677
0.182254
0.007652
0.112752
0.006845
0.062052
0.110126
0.057684
0.033954
0.071976
0.011078
0.031211
0.077138
0.192878
0.123944
0.079783
0.038596
0.036786
0.045430
0.054969
0.033793
0.010962
0.030662
0.107067
0.070845
0.008358
0.119300
0.012831
0.051194
0.183860
0.162953
0.063083
0.047054
0.020458
0.161326
0.010500
0.062264
0.032755
0.161320
0.051990
0.249126
0.016733
0.026299
0.096698
0.046763
0.048410
0.012140
0.126038
0.071939
0.020600
0.061612
0.198231
0.206426
0.057499
0.111418
0.006653
0.015335
0.125277
0.081244
0.062592
0.034515
0.168004
0.099370
0.029146
0.057639
0.167274
0.018496
0.009054
0.004325
0.067166
0.003216
0.021190
0.140828
0.055603
0.029711
0.152058
0.104873
0.023513
0.055098
0.056823
0.018894
0.105155
0.030776
0.021377
0.014812
0.029867
0.069988
0.367761
0.013685
0.041767
0.036532
0.151661
0.413331
0.141451
0.194310
0.026236
0.227321
0.068390
0.010263
0.078616
0.006133
0.009298
0.189661
0.067076
0.075483
0.044887
0.009872
0.087282
0.091278
0.016680
0.149732
0.006051
0.027207
0.150997
0.070012
0.013295
0.123434
0.027840
0.061560
0.299712
0.008571
0.147755
0.111011
0.076925
0.044961
0.050804
0.035030
0.107964
0.003762
0.016737
0.101280
0.001549
0.086938
0.103253
0.072354
0.070496
0.071596
0.041434
0.086137
0.112605
0.008373
0.006537
0.168731
0.015793
0.067167
0.107546
0.082737
0.007925
0.083963
0.005176
0.015999
0.005587
0.222538
0.054525
0.024409
0.040648
0.019998
0.090169
0.114354
0.027750
0.003009
0.157135
0.229404
0.070764
0.172460
0.001108
0.055291
0.127772
0.007663
0.029042
0.038955
0.018584
0.012797
0.054205
0.011287
0.088195
0.102816
0.010255
0.065397
0.023122
0.023429
0.138136
0.040159
0.099702
0.175515
0.026816
0.041879
0.035076
0.025454
0.038747
0.169188
0.067724
0.185332
0.025034
0.012711
0.095281
0.409552
0.002170
0.005438
0.008659
0.121070
0.035708
0.049618
0.051107
0.060992
0.047291
0.075552
0.127687
0.080054
0.079369
0.077583
0.040163
0.161625
0.020188
0.084093
0.018887
0.026682
0.097310
0.151208
0.110719
0.025117
0.008290
0.048926
0.202014
0.094677
0.119125
0.003816
0.156166
0.034303
0.024220
0.327697
0.107365
0.052778
0.011661
0.098772
0.025067
0.027415
0.100994
0.072481
0.007319
0.011859
0.030293
0.027644
0.202231
0.280482
0.009586
0.132479
0.085180
0.075335
0.011389
0.019705
0.122872
0.091551
0.137186
0.050522
0.029273
0.141007
0.028313
0.141204
0.078460
0.093759
0.038728
0.079684
0.058107
0.103312
0.023961
0.053055
0.052009
0.013835
0.047274
0.068033
0.054288
0.235643
0.073898
0.034643
0.006783
0.114744
0.098357
0.084122
0.098231
0.105231
0.164793
0.075545
0.005907
0.070704
0.015343
0.085082
0.084555
0.005467
0.031691
0.004313
0.008307
0.196993
0.118033
0.332100
0.041874
0.078528
0.121484
0.059854
0.003653
0.106319
0.027660
0.082518
0.052401
0.091283
0.073735
0.071744
0.075978
0.047304
0.149564
0.015513
0.223174
0.293795
0.118572
0.004476
0.090523
0.285759
0.014075
0.012753
0.123585
0.007828
0.039552
0.111461
0.057955
0.139338
0.097094
0.058503
0.049705
0.042518
0.126997
0.104119
0.016526
0.066288
0.170217
0.060032
0.089606
0.049840
0.124609
0.075740
0.064452
0.142459
0.001333
0.013972
0.051773
0.196592
0.061333
0.060456
0.010065
0.109470
0.094641
0.037706
0.041195
0.055601
0.049890
0.027816
0.011259
0.076155
0.369503
0.046455
0.010568
0.049070
0.098514
0.067134
0.009054
0.006026
0.125713
0.113517
0.009333
0.046252
0.017675
0.099996
0.024955
0.059517
0.042828
0.026077
0.055275
0.040270
0.005516
0.100974
0.065801
0.085097
0.144548
0.049888
0.143983
0.004216
0.069695
0.196469
0.004371
0.025387
0.002486
0.005119
0.114281
0.061351
0.006356
0.045773
0.053356
0.007136
0.022438
0.048984
0.006924
0.015160
0.040607
0.206877
0.085569
0.267929
0.031742
0.053642
0.139651
0.093321
0.040713
0.040615
0.106435
0.002173
0.006885
0.031657
0.327822
0.113075
0.118500
0.084413
0.062056
0.133965
0.114867
0.206249
0.379780
0.092917
0.005243
0.184045
0.224943
0.079502
0.169726
0.238151
0.034682
0.049255
0.041921
0.089719
0.006009
0.052745
0.021408
0.109338
0.079908
0.030880
0.083284
0.061356
0.007009
0.056202
0.055941
0.017619
0.061541
0.104538
0.018963
0.037578
0.096189
0.229808
0.083303
0.103622
0.004732
0.029870
0.103531
0.064292
0.022156
0.011855
0.269850
0.203618
0.073085
0.047116
0.069212
0.024344
0.057838
0.011525
0.027910
0.376314
0.001899
0.060293
0.010206
0.081834
0.026362
0.078320
0.164381
0.043887
0.118239
0.173292
0.020599
0.037567
0.016211
0.093865
0.026739
0.003251
0.042092
0.049599
0.011860
0.091533
0.008500
0.045154
0.075582
0.076868
0.013113
0.010928
0.114144
0.100362
0.012983
0.070197
0.055497
0.027351
0.131197
0.059103
0.106137
0.012745
0.021029
0.205152
0.099511
0.109327
0.128093
0.010829
0.011916
0.161702
0.226926
0.177367
0.037935
0.065722
0.022444
0.027856
0.198927
0.062988
0.089790
0.067501
0.126750
0.013094
0.011755
0.042270
0.059811
0.014709
0.010243
0.127772
0.333623
0.137767
0.005952
0.038881
0.006580
0.084491
0.098105
0.087193
0.081294
0.070383
0.063976
0.022589
0.079713
0.016163
0.113755
0.015602
0.038384
0.047474
0.051246
0.123155
0.024424
0.143932
0.120913
0.009419
0.080872
0.024199
0.070205
0.018391
0.184757
0.090886
0.108672
0.019100
0.061392
0.027129
0.128537
0.066480
0.078565
0.216454
0.247755
0.011443
0.031424
0.033435
0.140215
0.070967
0.097839
0.030876
0.003254
0.145905
0.198308
0.014960
0.008077
0.038360
0.002924
0.084821
0.172308
0.028618
0.043611
0.239890
0.359417
0.190298
0.037318
0.013215
0.003319
0.073657
0.012600
0.006996
0.083870
0.048180
0.051231
0.062168
0.012285
0.167909
0.177376
0.009284
0.029756
0.032352
0.043381
0.119284
0.016758
0.234607
0.155422
0.103066
0.129710
0.055625
0.017910
0.183911
0.148497
0.021739
0.088998
0.005784
0.071004
0.238813
0.049717
0.103697
0.120989
0.013617
0.006488
0.031357
0.031540
0.114913
0.086944
0.023928
0.060948
0.004718
0.037774
0.040995
0.008721
0.014780
0.179400
0.008377
0.019026
0.080989
0.072140
0.104892
0.067463
0.039727
0.034571
0.064829
0.029690
0.074870
0.142596
0.146308
0.085237
0.176490
0.086015
0.009533
0.043232
0.111953
0.388891
0.009798
0.002936
0.118737
0.070764
0.104886
0.010584
0.071157
0.002628
0.073888
0.011878
0.204105
0.042374
0.113847
0.021856
0.029315
0.128750
0.005222
0.007192
0.073896
0.270346
0.060964
0.042510
0.004189
0.006437
0.121046
0.144391
0.170518
0.115534
0.098189
0.043788
0.073445
0.089345
0.177784
0.063348
0.073713
0.055125
0.046924
0.139468
0.016314
0.049363
0.289261
0.040452
0.311519
0.159540
0.057057
0.098309
0.079666
0.079654
0.321722
0.016969
0.006390
0.101945
0.049034
0.008277
0.177268
0.007303
0.094399
0.045743
0.042109
0.022690
0.012449
0.321872
0.022405
0.006035
0.020842
0.009642
0.340044
0.011596
0.215439
0.181923
0.127967
0.119808
0.171820
0.119634
0.020072
0.069043
0.034147
0.096805
0.010174
0.014861
0.004092
0.291886
0.042369
0.085513
0.131951
0.048827
0.062278
0.050113
0.053670
0.003698
0.004263
0.213293
0.015141
0.008233
0.009566
0.132995
0.138803
0.067544
0.036345
0.197469
0.018739
0.002784
0.067777
0.061803
0.010394
0.020056
0.144973
0.062711
0.014251
0.104371
0.091739
0.103446
0.167704
0.227399
0.098084
0.068172
0.013645
0.022544
0.017603
0.036530
0.029365
0.002084
0.151078
0.083188
0.067027
0.023248
0.107964
0.051799
0.025568
0.194281
0.003728
0.082712
0.080060
0.090073
0.016946
0.151693
0.072439
0.065866
0.015275
0.039073
0.073877
0.046815
0.011185
0.083091
0.019409
0.020263
0.029384
0.020845
0.065038
0.049853
0.128323
0.119231
0.076671
0.123867
0.071628
0.017347
0.068920
0.034719
0.088066
0.011334
0.090208
0.023564
0.013223
0.057116
0.030203
0.077079
0.076926
0.061259
0.169442
0.019296
0.050564
0.056173
0.022768
0.030251
0.002517
0.427073
0.340687
0.093762
0.075637
0.077304
0.068160
0.225122
0.061888
0.328587
0.075593
0.125702
0.012814
0.098028
0.078328
0.144374
0.044775
0.214856
0.010669
0.008649
0.089005
0.021957
0.043639
0.039384
0.216738
0.075862
0.112448
0.005302
0.082106
0.022400
0.182004
0.025732
0.050765
0.179246
0.047736
0.016558
0.066877
0.023691
0.091577
0.037395
0.100789
0.179630
0.192578
0.003987
0.006972
0.011710
0.006815
0.005405
0.058376
0.211031
0.093502
0.027279
0.305287
0.112068
0.114126
0.021573
0.004112
0.062098
0.093290
0.099357
0.010858
0.008829
0.044359
0.126126
0.033437
0.067842
0.089523
0.028150
0.036187
0.126275
0.010880
0.214367
0.034970
0.009209
0.214806
0.067157
0.124226
0.039518
0.005801
0.217216
0.207331
0.107212
0.005344
0.009962
0.070112
0.101596
0.015518
0.003639
0.089671
0.184569
0.078042
0.009178
0.217479
0.043729
0.005150
0.071623
0.077059
0.003411
0.059062
0.029542
0.060636
0.046102
0.005564
0.055918
0.048596
0.009219
0.099040
0.009923
0.175881
0.024082
0.198499
0.199019
0.221082
0.055296
0.125631
0.027188
0.025894
0.002498
0.102211
0.045409
0.053659
0.014150
0.123223
0.005100
0.057881
0.022063
0.074199
0.042617
0.047389
0.053804
0.031182
0.077864
0.003214
0.182888
0.066597
0.010345
0.031223
0.100015
0.178478
0.005650
0.082860
0.005888
0.099179
0.155429
0.010838
0.009874
0.006762
0.143468
0.023276
0.076861
0.040609
0.026146
0.004957
0.022490
0.038933
0.048053
0.063486
0.039961
0.133801
0.003578
0.088294
0.031512
0.005860
0.038488
0.085937
0.029221
0.019956
0.019144
0.001087
0.002010
0.040320
0.053223
0.013699
0.059836
0.065420
0.077119
0.046765
0.092597
0.035310
0.010197
0.007624
0.034828
0.014312
0.032320
0.019508
0.086079
0.018342
0.002345
0.030813
0.110213
0.025900
0.160105
0.124276
0.051829
0.002803
0.032463
0.046818
0.062648
0.006074
0.111972
0.053332
0.071630
0.171683
0.077684
0.004077
0.024808
0.200874
0.095916
0.001631
0.005808
0.129215
0.096106
0.002403
0.008610
0.128719
0.153701
0.018852
0.199572
0.088905
0.068941
0.066898
0.124649
0.006827
0.059473
0.007006
0.083298
0.064253
0.162646
0.053356
0.005662
0.219956
0.007904
0.010444
0.110211
0.005431
0.057414
0.080981
0.180093
0.225601
0.167415
0.009788
0.071282
0.017070
0.007703
0.043666
0.091088
0.050861
0.001699
0.070910
0.227395
0.116182
0.084216
0.001981
0.012642
0.103642
0.045704
0.024524
0.021130
0.116530
0.085053
0.223050
0.055455
0.007803
0.167773
0.018468
0.019563
0.012348
0.111922
0.020249
0.073780
0.270903
0.010962
0.052315
0.075240
0.007693
0.104581
0.011636
0.040338
0.043334
0.112797
0.174117
0.056743
0.031602
0.090647
0.096157
0.008647
0.131107
0.036720
0.079499
0.089979
0.109277
0.024850
0.091805
0.015728
0.062699
0.289032
0.032186
0.135015
0.008260
0.053954
0.002966
0.057995
0.083685
0.147091
0.034113
0.118305
0.281854
0.154465
0.084390
0.051621
0.018915
0.134103
0.087480
0.011647
0.033216
0.033256
0.031361
0.014068
0.027843
0.019453
0.127510
0.006247
0.091269
0.015643
0.045657
0.078298
0.016089
0.058954
0.027246
0.021327
0.083800
0.090718
0.056203
0.105220
0.154321
0.106400
0.018435
0.041622
0.034895
0.051599
0.009115
0.085386
0.166912
0.075257
0.298844
0.109633
0.025630
0.046247
0.077059
0.032183
0.024870
0.009904
0.041961
0.109741
0.014154
0.015783
0.038721
0.279994
0.063250
0.063873
0.012946
0.065265
0.016494
0.184610
0.100268
0.058005
0.008400
0.065821
0.044259
0.088242
0.039379
0.045379
0.082490
0.027775
0.339186
0.073567
0.007658
0.006615
0.003469
0.009073
0.007016
0.152919
0.085606
0.160343
0.037120
0.148916
0.167776
0.016454
0.109555
0.090992
0.059984
0.083532
0.065878
0.087217
0.067374
0.064436
0.098791
0.075932
0.061794
0.048836
0.031571
0.094420
0.069412
0.061374
0.041314
0.004480
0.009398
0.101497
0.114733
0.075632
0.091732
0.090310
0.008841
0.010788
0.143148
0.008502
0.049868
0.113734
0.055191
0.221557
0.031033
0.045552
0.031386
0.118850
0.169517
0.053685
0.090763
0.007108
0.085958
0.096335
0.162103
0.019803
0.023492
0.146948
0.048995
0.012978
0.069137
0.016491
0.028623
0.071572
0.060425
0.066609
0.055924
0.044055
0.008314
0.055252
0.015202
0.009552
0.070912
0.069962
0.020262
0.200694
0.014629
0.112660
0.006055
0.005146
0.009717
0.068622
0.083195
0.083071
0.023431
0.044414
0.034884
0.044334
0.074834
0.077653
0.125723
0.035443
0.239856
0.227524
0.125691
0.141735
0.023311
0.076879
0.301830
0.011048
0.096660
0.118969
0.223409
0.074343
0.121714
0.007499
0.061928
0.027830
0.068552
0.145747
0.012330
0.196474
0.062465
0.022407
0.036522
0.038685
0.172189
0.066217
0.010104
0.064823
0.002259
0.083708
0.029927
0.059591
0.029793
0.082800
0.068299
0.042400
0.002689
0.017186
0.024691
0.098744
0.061829
0.011886
0.089568
0.092917
0.136634
0.138944
0.370291
0.163824
0.131785
0.044423
0.133001
0.231033
0.018375
0.027017
0.006470
0.028441
0.136403
0.055958
0.013883
0.047807
0.100347
0.004795
0.122573
0.183579
0.025333
0.100947
0.065727
0.086790
0.024486
0.270517
0.008749
0.040205
0.097759
0.185926
0.037428
0.040917
0.252547
0.009854
0.034886
0.163830
0.205894
0.012553
0.126684
0.051919
0.028846
0.002733
0.026920
0.010524
0.054953
0.173016
0.140652
0.019651
0.010664
0.150681
0.035757
0.013596
0.132167
0.142487
0.043776
0.119345
0.073929
0.010377
0.096293
0.076103
0.052167
0.143683
0.004283
0.158038
0.082999
0.018588
0.153381
0.051140
0.018358
0.018652
0.026904
0.009673
0.047108
0.085554
0.012346
0.023810
0.231635
0.007369
0.029849
0.103700
0.011477
0.036258
0.065462
0.144968
0.039372
0.100468
0.017004
0.054143
0.028000
0.007296
0.004810
0.022606
0.010517
0.098867
0.011179
0.024351
0.060178
0.026511
0.006769
0.183394
0.005883
0.108789
0.101526
0.084797
0.019852
0.068342
0.099768
0.067779
0.139303
0.121300
0.122014
0.033839
0.009086
0.010701
0.044271
0.286461
0.125823
0.181178
0.009124
0.048739
0.119269
0.053661
0.022094
0.016136
0.116768
0.205986
0.149056
0.012367
0.129913
0.051096
0.125823
0.007893
0.134260
0.140366
0.018358
0.028567
0.069408
0.040302
0.175074
0.089335
0.109168
0.115667
0.065331
0.010934
0.098037
0.139221
0.059466
0.052696
0.012594
0.031196
0.046346
0.026045
0.026947
0.044335
0.025155
0.083383
0.003734
0.178530
0.185728
0.034354
0.009745
0.163545
0.190499
0.264097
0.052461
0.132083
0.065585
0.020349
0.180876
0.062922
0.145437
0.193325
0.022377
0.005506
0.015418
0.006971
0.094901
0.019534
0.087352
0.021222
0.027466
0.180774
0.173052
0.018217
0.099824
0.006770
0.053897
0.069193
0.163448
0.005358
0.032031
0.122156
0.119689
0.066536
0.044340
0.078896
0.003302
0.254127
0.052924
0.008742
0.018081
0.145864
0.098197
0.029930
0.009197
0.038322
0.033304
0.048343
0.007844
0.356635
0.293844
0.075359
0.046918
0.050286
0.097477
0.047116
0.087287
0.015573
0.050752
0.050863
0.006503
0.017874
0.240317
0.028209
0.039391
0.168056
0.074526
0.060254
0.026668
0.021292
0.288509
0.049852
0.084786
0.004913
0.025987
0.106320
0.005729
0.065569
0.052674
0.053433
0.057077
0.096171
0.121086
0.126128
0.052555
0.101885
0.059400
0.011610
0.055827
0.187422
0.047004
0.125386
0.232841
0.064831
0.140122
0.014555
0.057193
0.047927
0.060998
0.012512
0.076360
0.050195
0.101343
0.126698
0.166488
0.067686
0.012919
0.005302
0.052919
0.003050
0.180190
0.015073
0.011117
0.104369
0.034445
0.016263
0.063029
0.064360
0.036531
0.076865
0.050026
0.131328
0.046628
0.034073
0.145828
0.096597
0.080430
0.039571
0.003465
0.007431
0.021343
0.103708
0.046701
0.034806
0.053947
0.024245
0.229880
0.146566
0.009843
0.040011
0.311951
0.125778
0.243531
0.009085
0.091899
0.022185
0.038220
0.107410
0.093070
0.030935
0.013510
0.011456
0.163204
0.011947
0.005232
0.124760
0.043052
0.008532
0.007926
0.060642
0.068799
0.029016
0.141315
0.009621
0.047699
0.111375
0.039167
0.036346
0.010996
0.040813
0.011380
0.013205
0.134179
0.025694
0.068130
0.031790
0.071856
0.117051
0.053112
0.016306
0.161034
0.096998
0.050531
0.086824
0.010106
0.134323
0.009947
0.083910
0.032275
0.007656
0.002858
0.047628
0.187840
0.005802
0.077412
0.135147
0.084803
0.099175
0.004206
0.118296
0.112052
0.051259
0.019746
0.115500
0.050509
0.023002
0.294608
0.013758
0.003124
0.158704
0.040703
0.179909
0.032106
0.224876
0.038901
0.011597
0.003669
0.086338
0.082178
0.021029
0.040600
0.029357
0.092631
0.213289
0.022573
0.128688
0.077300
0.011349
0.023107
0.041913
0.005548
0.069543
0.105569
0.059840
0.028907
0.099634
0.161194
0.256635
0.148996
0.112423
0.122204
0.002887
0.009630
0.092528
0.050674
0.164179
0.039790
0.091539
0.045498
0.048441
0.100439
0.016074
0.009665
0.068221
0.130744
0.066662
0.234487
0.058056
0.069907
0.004135
0.006744
0.008431
0.065109
0.012719
0.034792
0.142138
0.024298
0.006557
0.016360
0.020444
0.136717
0.004825
0.041996
0.157388
0.020565
0.006258
0.063330
0.065883
0.068045
0.128210
0.214042
0.054367
0.036540
0.082725
0.123164
0.105999
0.044048
0.027233
0.068828
0.103884
0.022006
0.010552
0.028821
0.021101
0.184237
0.003355
0.044596
0.043148
0.183227
0.006364
0.147322
0.068278
0.133080
0.132993
0.060557
0.031943
0.083778
0.094722
0.002972
0.044775
0.096890
0.023251
0.081205
0.004894
0.124698
0.089692
0.078169
0.025477
0.095707
0.094986
0.119260
0.017628
0.156622
0.121026
0.008331
0.207796
0.065139
0.013913
0.166045
0.048077
0.087144
0.026080
0.049686
0.044249
0.190455
0.394228
0.144241
0.039505
0.023637
0.005635
0.049081
0.007251
0.041314
0.003716
0.173017
0.062667
0.131411
0.169835
0.145672
0.023185
0.180384
0.042370
0.025485
0.015800
0.049779
0.082826
0.050532
0.027259
0.011657
0.094370
0.044951
0.088300
0.041731
0.068053
0.012643
0.109706
0.011376
0.010053
0.142599
0.066062
0.045390
0.031343
0.010853
0.208951
0.009207
0.103081
0.119452
0.026347
0.072645
0.109591
0.006538
0.099704
0.024729
0.021225
0.007919
0.187114
0.007389
0.005728
0.083493
0.053244
0.015197
0.034973
0.131844
0.032931
0.101912
0.012587
0.109622
0.056905
0.022462
0.033271
0.138487
0.161704
0.003526
0.013138
0.093306
0.173804
0.019523
0.015194
0.084358
0.113626
0.148585
0.092817
0.063708
0.108969
0.085466
0.043163
0.039840
0.245215
0.011129
0.123285
0.064219
0.021921
0.023770
0.184237
0.013333
0.091765
0.056090
0.002533
0.071012
0.018604
0.115103
0.108668
0.288516
0.006627
0.032363
0.097955
0.068167
0.084457
0.040759
0.060189
0.066517
0.186406
0.013618
0.098296
0.114752
0.034770
0.133962
0.095055
0.067302
0.026959
0.045821
0.203732
0.040665
0.064794
0.120147
0.232414
0.054094
0.098540
0.199117
0.008130
0.093655
0.120895
0.044812
0.016897
0.008516
0.015916
0.015035
0.220405
0.031007
0.036286
0.010214
0.107542
0.139238
0.084100
0.097808
0.013686
0.083180
0.042915
0.136302
0.073838
0.013270
0.109706
0.118602
0.037017
0.173079
0.068538
0.010472
0.051551
0.234711
0.271290
0.029556
0.003217
0.074611
0.061482
0.066596
0.060561
0.423137
0.087078
0.046070
0.109442
0.027926
0.026877
0.013112
0.015584
0.018620
0.081817
0.114820
0.084157
0.042702
0.012630
0.106269
0.050810
0.005495
0.013362
0.016965
0.025958
0.140562
0.094828
0.015480
0.115622
0.017368
0.005165
0.041481
0.041667
0.074552
0.041322
0.027845
0.075188
0.098705
0.064637
0.024327
0.110674
0.177161
0.010158
0.105544
0.022589
0.123223
0.071226
0.006895
0.182142
0.022633
0.122769
0.027623
0.092077
0.036091
0.130351
0.180909
0.010997
0.397848
0.117204
0.081884
0.015680
0.051384
0.028234
0.103908
0.115109
0.052314
0.006277
0.110821
0.012732
0.161518
0.161657
0.133240
0.009866
0.013789
0.031062
0.163655
0.019130
0.075289
0.001851
0.037016
0.043703
0.006685
0.015570
0.153543
0.003250
0.026632
0.082117
0.025479
0.055517
0.028093
0.156364
0.104387
0.020330
0.043871
0.021198
0.038350
0.094955
0.099565
0.044944
0.244879
0.126629
0.114963
0.076394
0.026055
0.020449
0.014853
0.153723
0.011030
0.026296
0.072549
0.053199
0.141965
0.109396
0.019821
0.082604
0.095613
0.005331
0.010144
0.043392
0.103092
0.052253
0.004145
0.001943
0.070985
0.011631
0.054222
0.090356
0.070638
0.049377
0.049563
0.054499
0.021081
0.132834
0.008271
0.168101
0.290661
0.006118
0.067184
0.212323
0.231188
0.098315
0.023607
0.064337
0.020697
0.003900
0.030637
0.017613
0.078994
0.013660
0.047538
0.016837
0.066365
0.006789
0.066649
0.011014
0.069925
0.035948
0.001234
0.152395
0.024026
0.036406
0.005198
0.019826
0.165169
0.103067
0.044953
0.037785
0.137491
0.008109
0.054791
0.082517
0.028045
0.163554
0.068394
0.144555
0.093585
0.006241
0.335081
0.037676
0.044551
0.083370
0.026782
0.038871
0.038987
0.010034
0.008504
0.124218
0.039244
0.011234
0.042675
0.008232
0.067769
0.068735
0.001690
0.004673
0.052345
0.021319
0.178631
0.056032
0.019346
0.057433
0.059311
0.111058
0.163125
0.146041
0.129923
0.091387
0.227039
0.056250
0.011085
0.004084
0.021538
0.091780
0.367774
0.178389
0.008756
0.113366
0.021277
0.187397
0.038943
0.098362
0.172706
0.213819
0.067140
0.027259
0.078270
0.050896
0.021410
0.011284
0.005046
0.217001
0.234251
0.054573
0.004689
0.054984
0.056608
0.009888
0.026356
0.107328
0.014212
0.013621
0.204640
0.007129
0.081072
0.019689
0.015771
0.110681
0.016879
0.073830
0.007775
0.127210
0.044893
0.008050
0.220530
0.027177
0.054816
0.093793
0.075128
0.044928
0.005628
0.072588
0.059092
0.023939
0.089354
0.028334
0.224713
0.152067
0.063915
0.005500
0.002515
0.107375
0.122022
0.205449
0.025885
0.117653
0.094500
0.007270
0.132516
0.001749
0.234004
0.112508
0.067230
0.251292
0.021249
0.346836
0.012823
0.120366
0.074845
0.029280
0.042557
0.003074
0.015102
0.077981
0.088771
0.040490
0.048331
0.117385
0.130177
0.005741
0.054107
0.030199
0.034763
0.105908
0.168187
0.031260
0.168616
0.008616
0.056126
0.018057
0.133998
0.096712
0.039636
0.162667
0.028250
0.108040
0.050824
0.077596
0.024607
0.009257
0.008331
0.035018
0.100722
0.063182
0.198246
0.025260
0.024167
0.176085
0.233399
0.193410
0.006992
0.012447
0.049817
0.002571
0.073399
0.072743
0.048557
0.012799
0.033930
0.111354
0.007434
0.085543
0.003247
0.109778
0.055235
0.071275
0.029217
0.045733
0.067372
0.076809
0.156337
0.110519
0.031800
0.058564
0.068870
0.117431
0.206606
0.031311
0.273866
0.051316
0.052330
0.311551
0.087497
0.147091
0.061177
0.007744
0.010000
0.022583
0.130076
0.066386
0.028196
0.025782
0.079416
0.002087
0.127038
0.061376
0.008388
0.047367
0.007235
0.035486
0.120623
0.098917
0.416559
0.010968
0.100714
0.088544
0.099740
0.351160
0.034541
0.026238
0.011772
0.014168
0.104582
0.078133
0.147189
0.274425
0.050255
0.179585
0.030143
0.086345
0.185634
0.028839
0.023958
0.025708
0.177649
0.063255
0.012186
0.183821
0.053906
0.266244
0.024867
0.008651
0.096714
0.103501
0.005479
0.109263
0.143062
0.055126
0.020730
0.032640
0.018971
0.200728
0.095575
0.104613
0.165936
0.056988
0.016350
0.038361
0.082034
0.267942
0.011345
0.137573
0.027840
0.087262
0.083643
